#Male_ID	Variant_ID	Variant_Structure
NA20525	v1	(2, 2, 2, 2, 2, 4, 2, 2, 4, 2, 3, 4, 2, 2)
NA20890	v1	(2, 2, 2, 2, 2, 4, 2, 2, 4, 2, 3, 4, 2, 2)
HG01344	v1	(2, 2, 2, 2, 2, 4, 2, 2, 4, 2, 3, 4, 2, 2)
HG02702	v1	(2, 2, 2, 2, 2, 4, 2, 2, 4, 2, 3, 4, 2, 2)
NA21135	v1	(2, 2, 2, 2, 2, 4, 2, 2, 4, 2, 3, 4, 2, 2)
NA19025	v1	(2, 2, 2, 2, 2, 4, 2, 2, 4, 2, 3, 4, 2, 2)
NA20778	v1	(2, 2, 2, 2, 2, 4, 2, 2, 4, 2, 3, 4, 2, 2)
HG02363	v2	(2, 2, 2, 2, 2, 5, 2, 2, 5, 2, 4, 6, 3, 3)
NA20291	v1	(2, 2, 2, 2, 2, 4, 2, 2, 4, 2, 3, 4, 2, 2)
NA12546	v3	(2, 3, 2, 2, 2, 6, 2, 2, 6, 2, 7, 9, 3, 4)
HG02839	v1	(2, 2, 2, 2, 2, 4, 2, 2, 4, 2, 3, 4, 2, 2)
HG02323	v1	(2, 2, 2, 2, 2, 4, 2, 2, 4, 2, 3, 4, 2, 2)
HG00406	v1	(2, 2, 2, 2, 2, 4, 2, 2, 4, 2, 3, 4, 2, 2)
HG01308	v1	(2, 2, 2, 2, 2, 4, 2, 2, 4, 2, 3, 4, 2, 2)
HG02040	v1	(2, 2, 2, 2, 2, 4, 2, 2, 4, 2, 3, 4, 2, 2)
NA18962	v1	(2, 2, 2, 2, 2, 4, 2, 2, 4, 2, 3, 4, 2, 2)
NA12775	v1	(2, 2, 2, 2, 2, 4, 2, 2, 4, 2, 3, 4, 2, 2)
HG02600	v4	(2, 2, 2, 2, 3, 5, 2, 2, 4, 2, 3, 4, 2, 2)
HG01556	v1	(2, 2, 2, 2, 2, 4, 2, 2, 4, 2, 3, 4, 2, 2)
HG00186	v1	(2, 2, 2, 2, 2, 4, 2, 2, 4, 2, 3, 4, 2, 2)
NA19786	v1	(2, 2, 2, 2, 2, 4, 2, 2, 4, 2, 3, 4, 2, 2)
HG02073	v1	(2, 2, 2, 2, 2, 4, 2, 2, 4, 2, 3, 4, 2, 2)
HG01130	v1	(2, 2, 2, 2, 2, 4, 2, 2, 4, 2, 3, 4, 2, 2)
HG02128	v1	(2, 2, 2, 2, 2, 4, 2, 2, 4, 2, 3, 4, 2, 2)
HG02064	v1	(2, 2, 2, 2, 2, 4, 2, 2, 4, 2, 3, 4, 2, 2)
NA18643	v1	(2, 2, 2, 2, 2, 4, 2, 2, 4, 2, 3, 4, 2, 2)
HG01785	v1	(2, 2, 2, 2, 2, 4, 2, 2, 4, 2, 3, 4, 2, 2)
NA18530	v1	(2, 2, 2, 2, 2, 4, 2, 2, 4, 2, 3, 4, 2, 2)
HG01112	v1	(2, 2, 2, 2, 2, 4, 2, 2, 4, 2, 3, 4, 2, 2)
HG02561	v2	(2, 2, 2, 2, 2, 5, 2, 2, 5, 2, 4, 6, 3, 3)
HG00234	v1	(2, 2, 2, 2, 2, 4, 2, 2, 4, 2, 3, 4, 2, 2)
NA20528	v1	(2, 2, 2, 2, 2, 4, 2, 2, 4, 2, 3, 4, 2, 2)
NA18620	v1	(2, 2, 2, 2, 2, 4, 2, 2, 4, 2, 3, 4, 2, 2)
HG04198	v5	(2, 2, 2, 2, 2, 4, 2, 2, 5, 3, 3, 4, 2, 2)
HG02786	v1	(2, 2, 2, 2, 2, 4, 2, 2, 4, 2, 3, 4, 2, 2)
HG02304	v1	(2, 2, 2, 2, 2, 4, 2, 2, 4, 2, 3, 4, 2, 2)
HG03624	v1	(2, 2, 2, 2, 2, 4, 2, 2, 4, 2, 3, 4, 2, 2)
HG00143	v1	(2, 2, 2, 2, 2, 4, 2, 2, 4, 2, 3, 4, 2, 2)
HG03985	v1	(2, 2, 2, 2, 2, 4, 2, 2, 4, 2, 3, 4, 2, 2)
NA19679	v1	(2, 2, 2, 2, 2, 4, 2, 2, 4, 2, 3, 4, 2, 2)
NA18622	v1	(2, 2, 2, 2, 2, 4, 2, 2, 4, 2, 3, 4, 2, 2)
HG02971	v1	(2, 2, 2, 2, 2, 4, 2, 2, 4, 2, 3, 4, 2, 2)
HG02107	v1	(2, 2, 2, 2, 2, 4, 2, 2, 4, 2, 3, 4, 2, 2)
NA20534	v1	(2, 2, 2, 2, 2, 4, 2, 2, 4, 2, 3, 4, 2, 2)
HG02008	v1	(2, 2, 2, 2, 2, 4, 2, 2, 4, 2, 3, 4, 2, 2)
HG02854	v1	(2, 2, 2, 2, 2, 4, 2, 2, 4, 2, 3, 4, 2, 2)
HG00310	v1	(2, 2, 2, 2, 2, 4, 2, 2, 4, 2, 3, 4, 2, 2)
HG03743	v1	(2, 2, 2, 2, 2, 4, 2, 2, 4, 2, 3, 4, 2, 2)
HG01678	v1	(2, 2, 2, 2, 2, 4, 2, 2, 4, 2, 3, 4, 2, 2)
NA19372	v1	(2, 2, 2, 2, 2, 4, 2, 2, 4, 2, 3, 4, 2, 2)
HG03969	v1	(2, 2, 2, 2, 2, 4, 2, 2, 4, 2, 3, 4, 2, 2)
HG02138	v6	(2, 1, 2, 2, 2, 3, 2, 2, 3, 2, 1, 3, 3, 1)
HG01811	v1	(2, 2, 2, 2, 2, 4, 2, 2, 4, 2, 3, 4, 2, 2)
HG01892	v1	(2, 2, 2, 2, 2, 4, 2, 2, 4, 2, 3, 4, 2, 2)
HG02364	v1	(2, 2, 2, 2, 2, 4, 2, 2, 4, 2, 3, 4, 2, 2)
HG01852	v1	(2, 2, 2, 2, 2, 4, 2, 2, 4, 2, 3, 4, 2, 2)
HG01204	v1	(2, 2, 2, 2, 2, 4, 2, 2, 4, 2, 3, 4, 2, 2)
HG00185	v7	(2, 1, 2, 2, 2, 3, 2, 2, 3, 2, 1, 2, 2, 1)
NA20891	v1	(2, 2, 2, 2, 2, 4, 2, 2, 4, 2, 3, 4, 2, 2)
NA20810	v1	(2, 2, 2, 2, 2, 4, 2, 2, 4, 2, 3, 4, 2, 2)
NA21105	v1	(2, 2, 2, 2, 2, 4, 2, 2, 4, 2, 3, 4, 2, 2)
HG01082	v8	(2, 2, 2, 2, 2, 4, 2, 2, 4, 2, 3, 5, 3, 2)
HG03950	v1	(2, 2, 2, 2, 2, 4, 2, 2, 4, 2, 3, 4, 2, 2)
HG00103	v1	(2, 2, 2, 2, 2, 4, 2, 2, 4, 2, 3, 4, 2, 2)
NA18877	v1	(2, 2, 2, 2, 2, 4, 2, 2, 4, 2, 3, 4, 2, 2)
NA20278	v1	(2, 2, 2, 2, 2, 4, 2, 2, 4, 2, 3, 4, 2, 2)
HG02881	v1	(2, 2, 2, 2, 2, 4, 2, 2, 4, 2, 3, 4, 2, 2)
HG00689	v1	(2, 2, 2, 2, 2, 4, 2, 2, 4, 2, 3, 4, 2, 2)
NA19428	v1	(2, 2, 2, 2, 2, 4, 2, 2, 4, 2, 3, 4, 2, 2)
NA20827	v1	(2, 2, 2, 2, 2, 4, 2, 2, 4, 2, 3, 4, 2, 2)
NA20755	v1	(2, 2, 2, 2, 2, 4, 2, 2, 4, 2, 3, 4, 2, 2)
HG01028	v9	(2, 2, 2, 2, 2, 4, 3, 2, 4, 2, 3, 4, 2, 2)
HG03234	v1	(2, 2, 2, 2, 2, 4, 2, 2, 4, 2, 3, 4, 2, 2)
NA18989	v10	(2, 3, 2, 2, 2, 5, 2, 2, 5, 2, 5, 6, 2, 3)
NA19088	v1	(2, 2, 2, 2, 2, 4, 2, 2, 4, 2, 3, 4, 2, 2)
HG01938	v1	(2, 2, 2, 2, 2, 4, 2, 2, 4, 2, 3, 4, 2, 2)
NA19113	v1	(2, 2, 2, 2, 2, 4, 2, 2, 4, 2, 3, 4, 2, 2)
HG02070	v11	(2, 3, 2, 2, 2, 4, 2, 2, 6, 4, 4, 6, 3, 2)
HG01060	v1	(2, 2, 2, 2, 2, 4, 2, 2, 4, 2, 3, 4, 2, 2)
HG04003	v1	(2, 2, 2, 2, 2, 4, 2, 2, 4, 2, 3, 4, 2, 2)
HG02887	v1	(2, 2, 2, 2, 2, 4, 2, 2, 4, 2, 3, 4, 2, 2)
NA18638	v12	(2, 2, 2, 2, 2, 3, 2, 2, 3, 2, 2, 2, 1, 1)
NA18632	v1	(2, 2, 2, 2, 2, 4, 2, 2, 4, 2, 3, 4, 2, 2)
HG03718	v1	(2, 2, 2, 2, 2, 4, 2, 2, 4, 2, 3, 4, 2, 2)
HG01311	v1	(2, 2, 2, 2, 2, 4, 2, 2, 4, 2, 3, 4, 2, 2)
NA19213	v1	(2, 2, 2, 2, 2, 4, 2, 2, 4, 2, 3, 4, 2, 2)
NA19664	v1	(2, 2, 2, 2, 2, 4, 2, 2, 4, 2, 3, 4, 2, 2)
HG00188	v7	(2, 1, 2, 2, 2, 3, 2, 2, 3, 2, 1, 2, 2, 1)
HG01455	v1	(2, 2, 2, 2, 2, 4, 2, 2, 4, 2, 3, 4, 2, 2)
HG03775	v1	(2, 2, 2, 2, 2, 4, 2, 2, 4, 2, 3, 4, 2, 2)
NA19000	v1	(2, 2, 2, 2, 2, 4, 2, 2, 4, 2, 3, 4, 2, 2)
NA18908	v2	(2, 2, 2, 2, 2, 5, 2, 2, 5, 2, 4, 6, 3, 3)
HG00607	v1	(2, 2, 2, 2, 2, 4, 2, 2, 4, 2, 3, 4, 2, 2)
HG04094	v1	(2, 2, 2, 2, 2, 4, 2, 2, 4, 2, 3, 4, 2, 2)
HG02371	v1	(2, 2, 2, 2, 2, 4, 2, 2, 4, 2, 3, 4, 2, 2)
HG04210	v1	(2, 2, 2, 2, 2, 4, 2, 2, 4, 2, 3, 4, 2, 2)
HG03745	v13	(2, 3, 2, 2, 2, 4, 2, 2, 4, 2, 4, 4, 1, 2)
HG01176	v1	(2, 2, 2, 2, 2, 4, 2, 2, 4, 2, 3, 4, 2, 2)
HG03478	v1	(2, 2, 2, 2, 2, 4, 2, 2, 4, 2, 3, 4, 2, 2)
NA19160	v1	(2, 2, 2, 2, 2, 4, 2, 2, 4, 2, 3, 4, 2, 2)
NA19210	v1	(2, 2, 2, 2, 2, 4, 2, 2, 4, 2, 3, 4, 2, 2)
HG04161	v1	(2, 2, 2, 2, 2, 4, 2, 2, 4, 2, 3, 4, 2, 2)
NA19256	v1	(2, 2, 2, 2, 2, 4, 2, 2, 4, 2, 3, 4, 2, 2)
HG03767	v14	(2, 2, 2, 2, 2, 5, 2, 2, 4, 2, 3, 4, 2, 2)
HG00448	v2	(2, 2, 2, 2, 2, 5, 2, 2, 5, 2, 4, 6, 3, 3)
HG00592	v1	(2, 2, 2, 2, 2, 4, 2, 2, 4, 2, 3, 4, 2, 2)
HG03885	v1	(2, 2, 2, 2, 2, 4, 2, 2, 4, 2, 3, 4, 2, 2)
HG00619	v1	(2, 2, 2, 2, 2, 4, 2, 2, 4, 2, 3, 4, 2, 2)
NA19759	v1	(2, 2, 2, 2, 2, 4, 2, 2, 4, 2, 3, 4, 2, 2)
HG02953	v1	(2, 2, 2, 2, 2, 4, 2, 2, 4, 2, 3, 4, 2, 2)
HG03974	v1	(2, 2, 2, 2, 2, 4, 2, 2, 4, 2, 3, 4, 2, 2)
HG02396	v1	(2, 2, 2, 2, 2, 4, 2, 2, 4, 2, 3, 4, 2, 2)
HG03693	v1	(2, 2, 2, 2, 2, 4, 2, 2, 4, 2, 3, 4, 2, 2)
HG00148	v1	(2, 2, 2, 2, 2, 4, 2, 2, 4, 2, 3, 4, 2, 2)
HG03812	v15	(2, 2, 2, 2, 2, 4, 2, 4, 5, 3, 3, 4, 2, 2)
NA19043	v1	(2, 2, 2, 2, 2, 4, 2, 2, 4, 2, 3, 4, 2, 2)
HG01277	v1	(2, 2, 2, 2, 2, 4, 2, 2, 4, 2, 3, 4, 2, 2)
HG03024	v1	(2, 2, 2, 2, 2, 4, 2, 2, 4, 2, 3, 4, 2, 2)
HG02439	v1	(2, 2, 2, 2, 2, 4, 2, 2, 4, 2, 3, 4, 2, 2)
NA19818	v16	(2, 3, 2, 2, 2, 6, 2, 2, 6, 2, 6, 8, 3, 4)
HG03039	v1	(2, 2, 2, 2, 2, 4, 2, 2, 4, 2, 3, 4, 2, 2)
NA20765	v1	(2, 2, 2, 2, 2, 4, 2, 2, 4, 2, 3, 4, 2, 2)
HG03920	v1	(2, 2, 2, 2, 2, 4, 2, 2, 4, 2, 3, 4, 2, 2)
NA19700	v1	(2, 2, 2, 2, 2, 4, 2, 2, 4, 2, 3, 4, 2, 2)
NA19774	v17	(2, 2, 2, 2, 2, 4, 2, 3, 4, 2, 3, 4, 2, 2)
NA19676	v1	(2, 2, 2, 2, 2, 4, 2, 2, 4, 2, 3, 4, 2, 2)
NA19982	v1	(2, 2, 2, 2, 2, 4, 2, 2, 4, 2, 3, 4, 2, 2)
NA19092	v1	(2, 2, 2, 2, 2, 4, 2, 2, 4, 2, 3, 4, 2, 2)
HG00610	v1	(2, 2, 2, 2, 2, 4, 2, 2, 4, 2, 3, 4, 2, 2)
HG00583	v18	(2, 1, 2, 2, 2, 4, 2, 2, 3, 1, 2, 2, 1, 2)
NA18952	v12	(2, 2, 2, 2, 2, 3, 2, 2, 3, 2, 2, 2, 1, 1)
HG00284	v7	(2, 1, 2, 2, 2, 3, 2, 2, 3, 2, 1, 2, 2, 1)
NA18959	v1	(2, 2, 2, 2, 2, 4, 2, 2, 4, 2, 3, 4, 2, 2)
HG01872	v1	(2, 2, 2, 2, 2, 4, 2, 2, 4, 2, 3, 4, 2, 2)
HG01133	v1	(2, 2, 2, 2, 2, 4, 2, 2, 4, 2, 3, 4, 2, 2)
HG04229	v12	(2, 2, 2, 2, 2, 3, 2, 2, 3, 2, 2, 2, 1, 1)
HG00524	v1	(2, 2, 2, 2, 2, 4, 2, 2, 4, 2, 3, 4, 2, 2)
HG03792	v1	(2, 2, 2, 2, 2, 4, 2, 2, 4, 2, 3, 4, 2, 2)
NA19331	v1	(2, 2, 2, 2, 2, 4, 2, 2, 4, 2, 3, 4, 2, 2)
HG01440	v1	(2, 2, 2, 2, 2, 4, 2, 2, 4, 2, 3, 4, 2, 2)
NA20801	v1	(2, 2, 2, 2, 2, 4, 2, 2, 4, 2, 3, 4, 2, 2)
HG02002	v1	(2, 2, 2, 2, 2, 4, 2, 2, 4, 2, 3, 4, 2, 2)
NA18995	v12	(2, 2, 2, 2, 2, 3, 2, 2, 3, 2, 2, 2, 1, 1)
HG03914	v1	(2, 2, 2, 2, 2, 4, 2, 2, 4, 2, 3, 4, 2, 2)
NA18536	v1	(2, 2, 2, 2, 2, 4, 2, 2, 4, 2, 3, 4, 2, 2)
HG03740	v1	(2, 2, 2, 2, 2, 4, 2, 2, 4, 2, 3, 4, 2, 2)
NA19189	v1	(2, 2, 2, 2, 2, 4, 2, 2, 4, 2, 3, 4, 2, 2)
HG01365	v1	(2, 2, 2, 2, 2, 4, 2, 2, 4, 2, 3, 4, 2, 2)
HG02944	v1	(2, 2, 2, 2, 2, 4, 2, 2, 4, 2, 3, 4, 2, 2)
HG01816	v1	(2, 2, 2, 2, 2, 4, 2, 2, 4, 2, 3, 4, 2, 2)
HG03096	v19	(2, 4, 2, 2, 2, 6, 2, 2, 6, 2, 7, 8, 2, 4)
HG00141	v1	(2, 2, 2, 2, 2, 4, 2, 2, 4, 2, 3, 4, 2, 2)
HG04206	v1	(2, 2, 2, 2, 2, 4, 2, 2, 4, 2, 3, 4, 2, 2)
HG02408	v10	(2, 3, 2, 2, 2, 5, 2, 2, 5, 2, 5, 6, 2, 3)
NA18510	v1	(2, 2, 2, 2, 2, 4, 2, 2, 4, 2, 3, 4, 2, 2)
NA12003	v20	(2, 2, 2, 2, 2, 3, 2, 2, 4, 2, 2, 2, 1, 1)
HG01110	v1	(2, 2, 2, 2, 2, 4, 2, 2, 4, 2, 3, 4, 2, 2)
HG02455	v1	(2, 2, 2, 2, 2, 4, 2, 2, 4, 2, 3, 4, 2, 2)
HG02851	v1	(2, 2, 2, 2, 2, 4, 2, 2, 4, 2, 3, 4, 2, 2)
NA18934	v1	(2, 2, 2, 2, 2, 4, 2, 2, 4, 2, 3, 4, 2, 2)
HG03009	v1	(2, 2, 2, 2, 2, 4, 2, 2, 4, 2, 3, 4, 2, 2)
HG02014	v1	(2, 2, 2, 2, 2, 4, 2, 2, 4, 2, 3, 4, 2, 2)
NA19184	v1	(2, 2, 2, 2, 2, 4, 2, 2, 4, 2, 3, 4, 2, 2)
HG02715	v1	(2, 2, 2, 2, 2, 4, 2, 2, 4, 2, 3, 4, 2, 2)
HG03240	v1	(2, 2, 2, 2, 2, 4, 2, 2, 4, 2, 3, 4, 2, 2)
HG02536	v1	(2, 2, 2, 2, 2, 4, 2, 2, 4, 2, 3, 4, 2, 2)
HG02332	v1	(2, 2, 2, 2, 2, 4, 2, 2, 4, 2, 3, 4, 2, 2)
HG01675	v1	(2, 2, 2, 2, 2, 4, 2, 2, 4, 2, 3, 4, 2, 2)
HG04056	v1	(2, 2, 2, 2, 2, 4, 2, 2, 4, 2, 3, 4, 2, 2)
HG01047	v1	(2, 2, 2, 2, 2, 4, 2, 2, 4, 2, 3, 4, 2, 2)
NA18522	v1	(2, 2, 2, 2, 2, 4, 2, 2, 4, 2, 3, 4, 2, 2)
HG00445	v1	(2, 2, 2, 2, 2, 4, 2, 2, 4, 2, 3, 4, 2, 2)
HG03169	v1	(2, 2, 2, 2, 2, 4, 2, 2, 4, 2, 3, 4, 2, 2)
HG00553	v1	(2, 2, 2, 2, 2, 4, 2, 2, 4, 2, 3, 4, 2, 2)
HG03786	v1	(2, 2, 2, 2, 2, 4, 2, 2, 4, 2, 3, 4, 2, 2)
NA18563	v12	(2, 2, 2, 2, 2, 3, 2, 2, 3, 2, 2, 2, 1, 1)
NA20581	v1	(2, 2, 2, 2, 2, 4, 2, 2, 4, 2, 3, 4, 2, 2)
HG03265	v1	(2, 2, 2, 2, 2, 4, 2, 2, 4, 2, 3, 4, 2, 2)
HG03778	v1	(2, 2, 2, 2, 2, 4, 2, 2, 4, 2, 3, 4, 2, 2)
NA21117	v1	(2, 2, 2, 2, 2, 4, 2, 2, 4, 2, 3, 4, 2, 2)
HG04238	v1	(2, 2, 2, 2, 2, 4, 2, 2, 4, 2, 3, 4, 2, 2)
NA18984	v1	(2, 2, 2, 2, 2, 4, 2, 2, 4, 2, 3, 4, 2, 2)
HG03027	v1	(2, 2, 2, 2, 2, 4, 2, 2, 4, 2, 3, 4, 2, 2)
HG00336	v7	(2, 1, 2, 2, 2, 3, 2, 2, 3, 2, 1, 2, 2, 1)
NA19309	v1	(2, 2, 2, 2, 2, 4, 2, 2, 4, 2, 3, 4, 2, 2)
HG00662	v1	(2, 2, 2, 2, 2, 4, 2, 2, 4, 2, 3, 4, 2, 2)
HG02699	v1	(2, 2, 2, 2, 2, 4, 2, 2, 4, 2, 3, 4, 2, 2)
NA18917	v1	(2, 2, 2, 2, 2, 4, 2, 2, 4, 2, 3, 4, 2, 2)
NA20796	v1	(2, 2, 2, 2, 2, 4, 2, 2, 4, 2, 3, 4, 2, 2)
HG03175	v1	(2, 2, 2, 2, 2, 4, 2, 2, 4, 2, 3, 4, 2, 2)
HG02588	v1	(2, 2, 2, 2, 2, 4, 2, 2, 4, 2, 3, 4, 2, 2)
HG03577	v1	(2, 2, 2, 2, 2, 4, 2, 2, 4, 2, 3, 4, 2, 2)
HG03694	v1	(2, 2, 2, 2, 2, 4, 2, 2, 4, 2, 3, 4, 2, 2)
HG01054	v1	(2, 2, 2, 2, 2, 4, 2, 2, 4, 2, 3, 4, 2, 2)
HG04019	v1	(2, 2, 2, 2, 2, 4, 2, 2, 4, 2, 3, 4, 2, 2)
HG03313	v1	(2, 2, 2, 2, 2, 4, 2, 2, 4, 2, 3, 4, 2, 2)
HG00475	v1	(2, 2, 2, 2, 2, 4, 2, 2, 4, 2, 3, 4, 2, 2)
HG03133	v1	(2, 2, 2, 2, 2, 4, 2, 2, 4, 2, 3, 4, 2, 2)
HG01527	v21	(2, 2, 2, 2, 2, 4, 2, 2, 5, 2, 3, 4, 3, 2)
HG00115	v1	(2, 2, 2, 2, 2, 4, 2, 2, 4, 2, 3, 4, 2, 2)
HG03744	v1	(2, 2, 2, 2, 2, 4, 2, 2, 4, 2, 3, 4, 2, 2)
HG03600	v1	(2, 2, 2, 2, 2, 4, 2, 2, 4, 2, 3, 4, 2, 2)
NA20889	v1	(2, 2, 2, 2, 2, 4, 2, 2, 4, 2, 3, 4, 2, 2)
HG01353	v1	(2, 2, 2, 2, 2, 4, 2, 2, 4, 2, 3, 4, 2, 2)
NA12272	v1	(2, 2, 2, 2, 2, 4, 2, 2, 4, 2, 3, 4, 2, 2)
HG03109	v1	(2, 2, 2, 2, 2, 4, 2, 2, 4, 2, 3, 4, 2, 2)
HG03687	v1	(2, 2, 2, 2, 2, 4, 2, 2, 4, 2, 3, 4, 2, 2)
HG01709	v1	(2, 2, 2, 2, 2, 4, 2, 2, 4, 2, 3, 4, 2, 2)
NA18983	v12	(2, 2, 2, 2, 2, 3, 2, 2, 3, 2, 2, 2, 1, 1)
HG03585	v1	(2, 2, 2, 2, 2, 4, 2, 2, 4, 2, 3, 4, 2, 2)
NA20815	v1	(2, 2, 2, 2, 2, 4, 2, 2, 4, 2, 3, 4, 2, 2)
HG01961	v1	(2, 2, 2, 2, 2, 4, 2, 2, 4, 2, 3, 4, 2, 2)
HG01860	v1	(2, 2, 2, 2, 2, 4, 2, 2, 4, 2, 3, 4, 2, 2)
NA18636	v1	(2, 2, 2, 2, 2, 4, 2, 2, 4, 2, 3, 4, 2, 2)
HG00650	v22	(2, 2, 2, 2, 2, 4, 2, 2, 4, 2, 4, 5, 2, 2)
NA20812	v1	(2, 2, 2, 2, 2, 4, 2, 2, 4, 2, 3, 4, 2, 2)
HG01699	v2	(2, 2, 2, 2, 2, 5, 2, 2, 5, 2, 4, 6, 3, 3)
HG04098	v1	(2, 2, 2, 2, 2, 4, 2, 2, 4, 2, 3, 4, 2, 2)
NA18548	v1	(2, 2, 2, 2, 2, 4, 2, 2, 4, 2, 3, 4, 2, 2)
HG02464	v1	(2, 2, 2, 2, 2, 4, 2, 2, 4, 2, 3, 4, 2, 2)
NA18637	v1	(2, 2, 2, 2, 2, 4, 2, 2, 4, 2, 3, 4, 2, 2)
HG03896	v1	(2, 2, 2, 2, 2, 4, 2, 2, 4, 2, 3, 4, 2, 2)
HG03660	v23	(2, 2, 2, 2, 2, 4, 2, 2, 4, 2, 4, 4, 2, 2)
HG03696	v1	(2, 2, 2, 2, 2, 4, 2, 2, 4, 2, 3, 4, 2, 2)
HG02377	v1	(2, 2, 2, 2, 2, 4, 2, 2, 4, 2, 3, 4, 2, 2)
HG00625	v1	(2, 2, 2, 2, 2, 4, 2, 2, 4, 2, 3, 4, 2, 2)
HG00701	v1	(2, 2, 2, 2, 2, 4, 2, 2, 4, 2, 3, 4, 2, 2)
HG03538	v1	(2, 2, 2, 2, 2, 4, 2, 2, 4, 2, 3, 4, 2, 2)
HG01374	v1	(2, 2, 2, 2, 2, 4, 2, 2, 4, 2, 3, 4, 2, 2)
NA19732	v1	(2, 2, 2, 2, 2, 4, 2, 2, 4, 2, 3, 4, 2, 2)
NA19380	v1	(2, 2, 2, 2, 2, 4, 2, 2, 4, 2, 3, 4, 2, 2)
HG01617	v12	(2, 2, 2, 2, 2, 3, 2, 2, 3, 2, 2, 2, 1, 1)
NA20513	v1	(2, 2, 2, 2, 2, 4, 2, 2, 4, 2, 3, 4, 2, 2)
HG00126	v1	(2, 2, 2, 2, 2, 4, 2, 2, 4, 2, 3, 4, 2, 2)
HG03629	v1	(2, 2, 2, 2, 2, 4, 2, 2, 4, 2, 3, 4, 2, 2)
HG03115	v1	(2, 2, 2, 2, 2, 4, 2, 2, 4, 2, 3, 4, 2, 2)
HG04033	v7	(2, 1, 2, 2, 2, 3, 2, 2, 3, 2, 1, 2, 2, 1)
HG02470	v1	(2, 2, 2, 2, 2, 4, 2, 2, 4, 2, 3, 4, 2, 2)
HG03905	v1	(2, 2, 2, 2, 2, 4, 2, 2, 4, 2, 3, 4, 2, 2)
HG03971	v1	(2, 2, 2, 2, 2, 4, 2, 2, 4, 2, 3, 4, 2, 2)
HG00183	v7	(2, 1, 2, 2, 2, 3, 2, 2, 3, 2, 1, 2, 2, 1)
NA20346	v1	(2, 2, 2, 2, 2, 4, 2, 2, 4, 2, 3, 4, 2, 2)
NA19448	v1	(2, 2, 2, 2, 2, 4, 2, 2, 4, 2, 3, 4, 2, 2)
HG01170	v1	(2, 2, 2, 2, 2, 4, 2, 2, 4, 2, 3, 4, 2, 2)
NA19086	v1	(2, 2, 2, 2, 2, 4, 2, 2, 4, 2, 3, 4, 2, 2)
NA19347	v1	(2, 2, 2, 2, 2, 4, 2, 2, 4, 2, 3, 4, 2, 2)
NA18611	v1	(2, 2, 2, 2, 2, 4, 2, 2, 4, 2, 3, 4, 2, 2)
HG01849	v1	(2, 2, 2, 2, 2, 4, 2, 2, 4, 2, 3, 4, 2, 2)
HG00409	v1	(2, 2, 2, 2, 2, 4, 2, 2, 4, 2, 3, 4, 2, 2)
HG03078	v1	(2, 2, 2, 2, 2, 4, 2, 2, 4, 2, 3, 4, 2, 2)
NA19098	v1	(2, 2, 2, 2, 2, 4, 2, 2, 4, 2, 3, 4, 2, 2)
NA11919	v1	(2, 2, 2, 2, 2, 4, 2, 2, 4, 2, 3, 4, 2, 2)
HG02398	v1	(2, 2, 2, 2, 2, 4, 2, 2, 4, 2, 3, 4, 2, 2)
HG02137	v12	(2, 2, 2, 2, 2, 3, 2, 2, 3, 2, 2, 2, 1, 1)
HG02648	v2	(2, 2, 2, 2, 2, 5, 2, 2, 5, 2, 4, 6, 3, 3)
HG03439	v1	(2, 2, 2, 2, 2, 4, 2, 2, 4, 2, 3, 4, 2, 2)
NA19060	v1	(2, 2, 2, 2, 2, 4, 2, 2, 4, 2, 3, 4, 2, 2)
HG03691	v1	(2, 2, 2, 2, 2, 4, 2, 2, 4, 2, 3, 4, 2, 2)
HG02383	v1	(2, 2, 2, 2, 2, 4, 2, 2, 4, 2, 3, 4, 2, 2)
HG00321	v1	(2, 2, 2, 2, 2, 4, 2, 2, 4, 2, 3, 4, 2, 2)
HG03864	v1	(2, 2, 2, 2, 2, 4, 2, 2, 4, 2, 3, 4, 2, 2)
HG02291	v1	(2, 2, 2, 2, 2, 4, 2, 2, 4, 2, 3, 4, 2, 2)
NA21127	v1	(2, 2, 2, 2, 2, 4, 2, 2, 4, 2, 3, 4, 2, 2)
HG03697	v1	(2, 2, 2, 2, 2, 4, 2, 2, 4, 2, 3, 4, 2, 2)
HG03615	v24	(2, 2, 2, 2, 2, 3, 2, 2, 3, 2, 2, 3, 2, 1)
NA19146	v1	(2, 2, 2, 2, 2, 4, 2, 2, 4, 2, 3, 4, 2, 2)
HG04176	v1	(2, 2, 2, 2, 2, 4, 2, 2, 4, 2, 3, 4, 2, 2)
HG03742	v1	(2, 2, 2, 2, 2, 4, 2, 2, 4, 2, 3, 4, 2, 2)
HG03917	v1	(2, 2, 2, 2, 2, 4, 2, 2, 4, 2, 3, 4, 2, 2)
HG01085	v1	(2, 2, 2, 2, 2, 4, 2, 2, 4, 2, 3, 4, 2, 2)
NA18749	v12	(2, 2, 2, 2, 2, 3, 2, 2, 3, 2, 2, 2, 1, 1)
NA21098	v1	(2, 2, 2, 2, 2, 4, 2, 2, 4, 2, 3, 4, 2, 2)
HG01694	v1	(2, 2, 2, 2, 2, 4, 2, 2, 4, 2, 3, 4, 2, 2)
HG01840	v1	(2, 2, 2, 2, 2, 4, 2, 2, 4, 2, 3, 4, 2, 2)
HG03556	v1	(2, 2, 2, 2, 2, 4, 2, 2, 4, 2, 3, 4, 2, 2)
NA18613	v7	(2, 1, 2, 2, 2, 3, 2, 2, 3, 2, 1, 2, 2, 1)
HG02642	v1	(2, 2, 2, 2, 2, 4, 2, 2, 4, 2, 3, 4, 2, 2)
NA18966	v12	(2, 2, 2, 2, 2, 3, 2, 2, 3, 2, 2, 2, 1, 1)
HG03911	v1	(2, 2, 2, 2, 2, 4, 2, 2, 4, 2, 3, 4, 2, 2)
HG01565	v1	(2, 2, 2, 2, 2, 4, 2, 2, 4, 2, 3, 4, 2, 2)
HG03809	v1	(2, 2, 2, 2, 2, 4, 2, 2, 4, 2, 3, 4, 2, 2)
HG02283	v1	(2, 2, 2, 2, 2, 4, 2, 2, 4, 2, 3, 4, 2, 2)
HG03367	v1	(2, 2, 2, 2, 2, 4, 2, 2, 4, 2, 3, 4, 2, 2)
HG03518	v1	(2, 2, 2, 2, 2, 4, 2, 2, 4, 2, 3, 4, 2, 2)
HG01500	v1	(2, 2, 2, 2, 2, 4, 2, 2, 4, 2, 3, 4, 2, 2)
HG03472	v1	(2, 2, 2, 2, 2, 4, 2, 2, 4, 2, 3, 4, 2, 2)
HG00372	v1	(2, 2, 2, 2, 2, 4, 2, 2, 4, 2, 3, 4, 2, 2)
NA21095	v1	(2, 2, 2, 2, 2, 4, 2, 2, 4, 2, 3, 4, 2, 2)
HG01747	v1	(2, 2, 2, 2, 2, 4, 2, 2, 4, 2, 3, 4, 2, 2)
HG01700	v1	(2, 2, 2, 2, 2, 4, 2, 2, 4, 2, 3, 4, 2, 2)
HG03295	v1	(2, 2, 2, 2, 2, 4, 2, 2, 4, 2, 3, 4, 2, 2)
HG03385	v1	(2, 2, 2, 2, 2, 4, 2, 2, 4, 2, 3, 4, 2, 2)
HG03603	v1	(2, 2, 2, 2, 2, 4, 2, 2, 4, 2, 3, 4, 2, 2)
HG02058	v1	(2, 2, 2, 2, 2, 4, 2, 2, 4, 2, 3, 4, 2, 2)
NA19916	v1	(2, 2, 2, 2, 2, 4, 2, 2, 4, 2, 3, 4, 2, 2)
NA20759	v1	(2, 2, 2, 2, 2, 4, 2, 2, 4, 2, 3, 4, 2, 2)
HG00595	v1	(2, 2, 2, 2, 2, 4, 2, 2, 4, 2, 3, 4, 2, 2)
HG03376	v1	(2, 2, 2, 2, 2, 4, 2, 2, 4, 2, 3, 4, 2, 2)
HG02388	v1	(2, 2, 2, 2, 2, 4, 2, 2, 4, 2, 3, 4, 2, 2)
NA20762	v1	(2, 2, 2, 2, 2, 4, 2, 2, 4, 2, 3, 4, 2, 2)
HG00598	v1	(2, 2, 2, 2, 2, 4, 2, 2, 4, 2, 3, 4, 2, 2)
HG03871	v1	(2, 2, 2, 2, 2, 4, 2, 2, 4, 2, 3, 4, 2, 2)
NA20519	v1	(2, 2, 2, 2, 2, 4, 2, 2, 4, 2, 3, 4, 2, 2)
HG00256	v1	(2, 2, 2, 2, 2, 4, 2, 2, 4, 2, 3, 4, 2, 2)
HG01882	v1	(2, 2, 2, 2, 2, 4, 2, 2, 4, 2, 3, 4, 2, 2)
NA20537	v1	(2, 2, 2, 2, 2, 4, 2, 2, 4, 2, 3, 4, 2, 2)
HG02461	v1	(2, 2, 2, 2, 2, 4, 2, 2, 4, 2, 3, 4, 2, 2)
HG02053	v1	(2, 2, 2, 2, 2, 4, 2, 2, 4, 2, 3, 4, 2, 2)
NA19451	v23	(2, 2, 2, 2, 2, 4, 2, 2, 4, 2, 4, 4, 2, 2)
HG01923	v1	(2, 2, 2, 2, 2, 4, 2, 2, 4, 2, 3, 4, 2, 2)
HG03998	v25	(1, 1, 2, 2, 2, 4, 2, 2, 4, 2, 3, 3, 2, 2)
NA19175	v26	(2, 4, 2, 2, 2, 6, 2, 2, 6, 2, 7, 7, 2, 4)
HG03746	v12	(2, 2, 2, 2, 2, 3, 2, 2, 3, 2, 2, 2, 1, 1)
HG04152	v1	(2, 2, 2, 2, 2, 4, 2, 2, 4, 2, 3, 4, 2, 2)
NA21093	v27	(2, 2, 2, 2, 2, 4, 4, 2, 4, 2, 3, 4, 2, 2)
HG01624	v1	(2, 2, 2, 2, 2, 4, 2, 2, 4, 2, 3, 4, 2, 2)
HG02277	v1	(2, 2, 2, 2, 2, 4, 2, 2, 4, 2, 3, 4, 2, 2)
HG02314	v1	(2, 2, 2, 2, 2, 4, 2, 2, 4, 2, 3, 4, 2, 2)
NA18612	v1	(2, 2, 2, 2, 2, 4, 2, 2, 4, 2, 3, 4, 2, 2)
HG01625	v1	(2, 2, 2, 2, 2, 4, 2, 2, 4, 2, 3, 4, 2, 2)
HG01879	v1	(2, 2, 2, 2, 2, 4, 2, 2, 4, 2, 3, 4, 2, 2)
HG00371	v7	(2, 1, 2, 2, 2, 3, 2, 2, 3, 2, 1, 2, 2, 1)
HG01864	v1	(2, 2, 2, 2, 2, 4, 2, 2, 4, 2, 3, 4, 2, 2)
NA20126	v1	(2, 2, 2, 2, 2, 4, 2, 2, 4, 2, 3, 4, 2, 2)
HG01334	v1	(2, 2, 2, 2, 2, 4, 2, 2, 4, 2, 3, 4, 2, 2)
NA19312	v1	(2, 2, 2, 2, 2, 4, 2, 2, 4, 2, 3, 4, 2, 2)
HG04158	v1	(2, 2, 2, 2, 2, 4, 2, 2, 4, 2, 3, 4, 2, 2)
HG02307	v1	(2, 2, 2, 2, 2, 4, 2, 2, 4, 2, 3, 4, 2, 2)
HG03484	v1	(2, 2, 2, 2, 2, 4, 2, 2, 4, 2, 3, 4, 2, 2)
HG02895	v1	(2, 2, 2, 2, 2, 4, 2, 2, 4, 2, 3, 4, 2, 2)
HG03846	v28	(2, 2, 2, 2, 2, 4, 1, 2, 4, 2, 3, 4, 2, 2)
HG00351	v7	(2, 1, 2, 2, 2, 3, 2, 2, 3, 2, 1, 2, 2, 1)
HG00277	v1	(2, 2, 2, 2, 2, 4, 2, 2, 4, 2, 3, 4, 2, 2)
HG01986	v2	(2, 2, 2, 2, 2, 5, 2, 2, 5, 2, 4, 6, 3, 3)
NA21104	v1	(2, 2, 2, 2, 2, 4, 2, 2, 4, 2, 3, 4, 2, 2)
NA18757	v1	(2, 2, 2, 2, 2, 4, 2, 2, 4, 2, 3, 4, 2, 2)
NA19091	v1	(2, 2, 2, 2, 2, 4, 2, 2, 4, 2, 3, 4, 2, 2)
HG03965	v29	(2, 2, 2, 2, 2, 4, 2, 2, 4, 2, 3, 4, 2, 3)
HG01494	v1	(2, 2, 2, 2, 2, 4, 2, 2, 4, 2, 3, 4, 2, 2)
NA19454	v1	(2, 2, 2, 2, 2, 4, 2, 2, 4, 2, 3, 4, 2, 2)
NA12286	v1	(2, 2, 2, 2, 2, 4, 2, 2, 4, 2, 3, 4, 2, 2)
NA19453	v1	(2, 2, 2, 2, 2, 4, 2, 2, 4, 2, 3, 4, 2, 2)
HG01771	v1	(2, 2, 2, 2, 2, 4, 2, 2, 4, 2, 3, 4, 2, 2)
NA12340	v2	(2, 2, 2, 2, 2, 5, 2, 2, 5, 2, 4, 6, 3, 3)
HG02394	v16	(2, 3, 2, 2, 2, 6, 2, 2, 6, 2, 6, 8, 3, 4)
HG03490	v1	(2, 2, 2, 2, 2, 4, 2, 2, 4, 2, 3, 4, 2, 2)
HG01842	v9	(2, 2, 2, 2, 2, 4, 3, 2, 4, 2, 3, 4, 2, 2)
HG02146	v1	(2, 2, 2, 2, 2, 4, 2, 2, 4, 2, 3, 4, 2, 2)
NA12045	v1	(2, 2, 2, 2, 2, 4, 2, 2, 4, 2, 3, 4, 2, 2)
HG00105	v1	(2, 2, 2, 2, 2, 4, 2, 2, 4, 2, 3, 4, 2, 2)
HG01917	v1	(2, 2, 2, 2, 2, 4, 2, 2, 4, 2, 3, 4, 2, 2)
HG00366	v1	(2, 2, 2, 2, 2, 4, 2, 2, 4, 2, 3, 4, 2, 2)
HG03867	v1	(2, 2, 2, 2, 2, 4, 2, 2, 4, 2, 3, 4, 2, 2)
HG00264	v1	(2, 2, 2, 2, 2, 4, 2, 2, 4, 2, 3, 4, 2, 2)
NA20527	v1	(2, 2, 2, 2, 2, 4, 2, 2, 4, 2, 3, 4, 2, 2)
NA11893	v1	(2, 2, 2, 2, 2, 4, 2, 2, 4, 2, 3, 4, 2, 2)
HG00244	v1	(2, 2, 2, 2, 2, 4, 2, 2, 4, 2, 3, 4, 2, 2)
NA19397	v1	(2, 2, 2, 2, 2, 4, 2, 2, 4, 2, 3, 4, 2, 2)
HG00881	v1	(2, 2, 2, 2, 2, 4, 2, 2, 4, 2, 3, 4, 2, 2)
NA20770	v1	(2, 2, 2, 2, 2, 4, 2, 2, 4, 2, 3, 4, 2, 2)
NA19444	v1	(2, 2, 2, 2, 2, 4, 2, 2, 4, 2, 3, 4, 2, 2)
HG03727	v1	(2, 2, 2, 2, 2, 4, 2, 2, 4, 2, 3, 4, 2, 2)
HG03136	v1	(2, 2, 2, 2, 2, 4, 2, 2, 4, 2, 3, 4, 2, 2)
HG03432	v1	(2, 2, 2, 2, 2, 4, 2, 2, 4, 2, 3, 4, 2, 2)
HG03460	v1	(2, 2, 2, 2, 2, 4, 2, 2, 4, 2, 3, 4, 2, 2)
HG03649	v1	(2, 2, 2, 2, 2, 4, 2, 2, 4, 2, 3, 4, 2, 2)
HG02433	v1	(2, 2, 2, 2, 2, 4, 2, 2, 4, 2, 3, 4, 2, 2)
HG02020	v30	(2, 3, 2, 2, 2, 4, 2, 2, 4, 2, 3, 4, 2, 2)
HG03899	v1	(2, 2, 2, 2, 2, 4, 2, 2, 4, 2, 3, 4, 2, 2)
NA19153	v1	(2, 2, 2, 2, 2, 4, 2, 2, 4, 2, 3, 4, 2, 2)
NA19393	v1	(2, 2, 2, 2, 2, 4, 2, 2, 4, 2, 3, 4, 2, 2)
HG03680	v1	(2, 2, 2, 2, 2, 4, 2, 2, 4, 2, 3, 4, 2, 2)
HG02445	v1	(2, 2, 2, 2, 2, 4, 2, 2, 4, 2, 3, 4, 2, 2)
NA21109	v1	(2, 2, 2, 2, 2, 4, 2, 2, 4, 2, 3, 4, 2, 2)
HG03436	v1	(2, 2, 2, 2, 2, 4, 2, 2, 4, 2, 3, 4, 2, 2)
NA20911	v1	(2, 2, 2, 2, 2, 4, 2, 2, 4, 2, 3, 4, 2, 2)
NA12874	v1	(2, 2, 2, 2, 2, 4, 2, 2, 4, 2, 3, 4, 2, 2)
NA19072	v1	(2, 2, 2, 2, 2, 4, 2, 2, 4, 2, 3, 4, 2, 2)
NA19041	v1	(2, 2, 2, 2, 2, 4, 2, 2, 4, 2, 3, 4, 2, 2)
HG02410	v2	(2, 2, 2, 2, 2, 5, 2, 2, 5, 2, 4, 6, 3, 3)
NA20544	v1	(2, 2, 2, 2, 2, 4, 2, 2, 4, 2, 3, 4, 2, 2)
NA19780	v1	(2, 2, 2, 2, 2, 4, 2, 2, 4, 2, 3, 4, 2, 2)
HG02941	v1	(2, 2, 2, 2, 2, 4, 2, 2, 4, 2, 3, 4, 2, 2)
NA19658	v1	(2, 2, 2, 2, 2, 4, 2, 2, 4, 2, 3, 4, 2, 2)
HG01066	v12	(2, 2, 2, 2, 2, 3, 2, 2, 3, 2, 2, 2, 1, 1)
HG03271	v1	(2, 2, 2, 2, 2, 4, 2, 2, 4, 2, 3, 4, 2, 2)
NA18923	v1	(2, 2, 2, 2, 2, 4, 2, 2, 4, 2, 3, 4, 2, 2)
HG03990	v1	(2, 2, 2, 2, 2, 4, 2, 2, 4, 2, 3, 4, 2, 2)
HG03785	v1	(2, 2, 2, 2, 2, 4, 2, 2, 4, 2, 3, 4, 2, 2)
NA19308	v1	(2, 2, 2, 2, 2, 4, 2, 2, 4, 2, 3, 4, 2, 2)
HG03738	v1	(2, 2, 2, 2, 2, 4, 2, 2, 4, 2, 3, 4, 2, 2)
HG01121	v1	(2, 2, 2, 2, 2, 4, 2, 2, 4, 2, 3, 4, 2, 2)
NA19085	v1	(2, 2, 2, 2, 2, 4, 2, 2, 4, 2, 3, 4, 2, 2)
NA21118	v1	(2, 2, 2, 2, 2, 4, 2, 2, 4, 2, 3, 4, 2, 2)
HG01512	v1	(2, 2, 2, 2, 2, 4, 2, 2, 4, 2, 3, 4, 2, 2)
NA20524	v1	(2, 2, 2, 2, 2, 4, 2, 2, 4, 2, 3, 4, 2, 2)
HG03908	v12	(2, 2, 2, 2, 2, 3, 2, 2, 3, 2, 2, 2, 1, 1)
HG03844	v1	(2, 2, 2, 2, 2, 4, 2, 2, 4, 2, 3, 4, 2, 2)
HG01356	v1	(2, 2, 2, 2, 2, 4, 2, 2, 4, 2, 3, 4, 2, 2)
NA19741	v1	(2, 2, 2, 2, 2, 4, 2, 2, 4, 2, 3, 4, 2, 2)
HG03790	v31	(2, 2, 2, 2, 2, 4, 2, 2, 3, 1, 3, 4, 2, 2)
HG02696	v13	(2, 3, 2, 2, 2, 4, 2, 2, 4, 2, 4, 4, 1, 2)
HG03225	v1	(2, 2, 2, 2, 2, 4, 2, 2, 4, 2, 3, 4, 2, 2)
HG02250	v1	(2, 2, 2, 2, 2, 4, 2, 2, 4, 2, 3, 4, 2, 2)
HG01075	v1	(2, 2, 2, 2, 2, 4, 2, 2, 4, 2, 3, 4, 2, 2)
NA19319	v1	(2, 2, 2, 2, 2, 4, 2, 2, 4, 2, 3, 4, 2, 2)
HG02375	v1	(2, 2, 2, 2, 2, 4, 2, 2, 4, 2, 3, 4, 2, 2)
NA20863	v1	(2, 2, 2, 2, 2, 4, 2, 2, 4, 2, 3, 4, 2, 2)
HG01536	v1	(2, 2, 2, 2, 2, 4, 2, 2, 4, 2, 3, 4, 2, 2)
HG00436	v1	(2, 2, 2, 2, 2, 4, 2, 2, 4, 2, 3, 4, 2, 2)
NA19750	v1	(2, 2, 2, 2, 2, 4, 2, 2, 4, 2, 3, 4, 2, 2)
HG03773	v1	(2, 2, 2, 2, 2, 4, 2, 2, 4, 2, 3, 4, 2, 2)
NA06986	v1	(2, 2, 2, 2, 2, 4, 2, 2, 4, 2, 3, 4, 2, 2)
HG01107	v1	(2, 2, 2, 2, 2, 4, 2, 2, 4, 2, 3, 4, 2, 2)
HG01781	v1	(2, 2, 2, 2, 2, 4, 2, 2, 4, 2, 3, 4, 2, 2)
HG00151	v1	(2, 2, 2, 2, 2, 4, 2, 2, 4, 2, 3, 4, 2, 2)
HG00463	v1	(2, 2, 2, 2, 2, 4, 2, 2, 4, 2, 3, 4, 2, 2)
NA19004	v12	(2, 2, 2, 2, 2, 3, 2, 2, 3, 2, 2, 2, 1, 1)
HG02484	v1	(2, 2, 2, 2, 2, 4, 2, 2, 4, 2, 3, 4, 2, 2)
HG04194	v1	(2, 2, 2, 2, 2, 4, 2, 2, 4, 2, 3, 4, 2, 2)
HG00628	v32	(2, 1, 2, 2, 2, 4, 2, 2, 4, 2, 2, 4, 3, 2)
HG01967	v1	(2, 2, 2, 2, 2, 4, 2, 2, 4, 2, 3, 4, 2, 2)
NA19455	v1	(2, 2, 2, 2, 2, 4, 2, 2, 4, 2, 3, 4, 2, 2)
NA18557	v1	(2, 2, 2, 2, 2, 4, 2, 2, 4, 2, 3, 4, 2, 2)
NA20356	v1	(2, 2, 2, 2, 2, 4, 2, 2, 4, 2, 3, 4, 2, 2)
NA19685	v33	(3, 2, 2, 2, 2, 4, 2, 2, 4, 2, 3, 4, 2, 2)
HG01142	v1	(2, 2, 2, 2, 2, 4, 2, 2, 4, 2, 3, 4, 2, 2)
NA19027	v1	(2, 2, 2, 2, 2, 4, 2, 2, 4, 2, 3, 4, 2, 2)
NA18486	v1	(2, 2, 2, 2, 2, 4, 2, 2, 4, 2, 3, 4, 2, 2)
HG03866	v1	(2, 2, 2, 2, 2, 4, 2, 2, 4, 2, 3, 4, 2, 2)
HG00243	v1	(2, 2, 2, 2, 2, 4, 2, 2, 4, 2, 3, 4, 2, 2)
HG04182	v1	(2, 2, 2, 2, 2, 4, 2, 2, 4, 2, 3, 4, 2, 2)
HG00360	v1	(2, 2, 2, 2, 2, 4, 2, 2, 4, 2, 3, 4, 2, 2)
HG02768	v1	(2, 2, 2, 2, 2, 4, 2, 2, 4, 2, 3, 4, 2, 2)
HG01708	v1	(2, 2, 2, 2, 2, 4, 2, 2, 4, 2, 3, 4, 2, 2)
HG00112	v1	(2, 2, 2, 2, 2, 4, 2, 2, 4, 2, 3, 4, 2, 2)
HG02756	v1	(2, 2, 2, 2, 2, 4, 2, 2, 4, 2, 3, 4, 2, 2)
HG01953	v1	(2, 2, 2, 2, 2, 4, 2, 2, 4, 2, 3, 4, 2, 2)
HG02382	v1	(2, 2, 2, 2, 2, 4, 2, 2, 4, 2, 3, 4, 2, 2)
HG03900	v1	(2, 2, 2, 2, 2, 4, 2, 2, 4, 2, 3, 4, 2, 2)
NA18748	v34	(2, 1, 2, 2, 2, 5, 2, 2, 5, 2, 3, 5, 4, 3)
NA18603	v1	(2, 2, 2, 2, 2, 4, 2, 2, 4, 2, 3, 4, 2, 2)
HG02360	v1	(2, 2, 2, 2, 2, 4, 2, 2, 4, 2, 3, 4, 2, 2)
HG02085	v1	(2, 2, 2, 2, 2, 4, 2, 2, 4, 2, 3, 4, 2, 2)
HG00329	v7	(2, 1, 2, 2, 2, 3, 2, 2, 3, 2, 1, 2, 2, 1)
NA18534	v1	(2, 2, 2, 2, 2, 4, 2, 2, 4, 2, 3, 4, 2, 2)
HG01094	v1	(2, 2, 2, 2, 2, 4, 2, 2, 4, 2, 3, 4, 2, 2)
HG00129	v1	(2, 2, 2, 2, 2, 4, 2, 2, 4, 2, 3, 4, 2, 2)
HG02489	v1	(2, 2, 2, 2, 2, 4, 2, 2, 4, 2, 3, 4, 2, 2)
HG00190	v1	(2, 2, 2, 2, 2, 4, 2, 2, 4, 2, 3, 4, 2, 2)
NA07357	v1	(2, 2, 2, 2, 2, 4, 2, 2, 4, 2, 3, 4, 2, 2)
HG00634	v1	(2, 2, 2, 2, 2, 4, 2, 2, 4, 2, 3, 4, 2, 2)
HG01187	v1	(2, 2, 2, 2, 2, 4, 2, 2, 4, 2, 3, 4, 2, 2)
HG01461	v1	(2, 2, 2, 2, 2, 4, 2, 2, 4, 2, 3, 4, 2, 2)
HG01680	v1	(2, 2, 2, 2, 2, 4, 2, 2, 4, 2, 3, 4, 2, 2)
NA19007	v1	(2, 2, 2, 2, 2, 4, 2, 2, 4, 2, 3, 4, 2, 2)
HG02420	v1	(2, 2, 2, 2, 2, 4, 2, 2, 4, 2, 3, 4, 2, 2)
HG00140	v1	(2, 2, 2, 2, 2, 4, 2, 2, 4, 2, 3, 4, 2, 2)
NA18559	v1	(2, 2, 2, 2, 2, 4, 2, 2, 4, 2, 3, 4, 2, 2)
NA18994	v1	(2, 2, 2, 2, 2, 4, 2, 2, 4, 2, 3, 4, 2, 2)
HG04039	v1	(2, 2, 2, 2, 2, 4, 2, 2, 4, 2, 3, 4, 2, 2)
NA18487	v1	(2, 2, 2, 2, 2, 4, 2, 2, 4, 2, 3, 4, 2, 2)
NA19009	v1	(2, 2, 2, 2, 2, 4, 2, 2, 4, 2, 3, 4, 2, 2)
NA18940	v12	(2, 2, 2, 2, 2, 3, 2, 2, 3, 2, 2, 2, 1, 1)
NA18985	v1	(2, 2, 2, 2, 2, 4, 2, 2, 4, 2, 3, 4, 2, 2)
NA19171	v1	(2, 2, 2, 2, 2, 4, 2, 2, 4, 2, 3, 4, 2, 2)
HG02657	v1	(2, 2, 2, 2, 2, 4, 2, 2, 4, 2, 3, 4, 2, 2)
HG01497	v1	(2, 2, 2, 2, 2, 4, 2, 2, 4, 2, 3, 4, 2, 2)
HG01197	v1	(2, 2, 2, 2, 2, 4, 2, 2, 4, 2, 3, 4, 2, 2)
HG02878	v1	(2, 2, 2, 2, 2, 4, 2, 2, 4, 2, 3, 4, 2, 2)
HG03118	v1	(2, 2, 2, 2, 2, 4, 2, 2, 4, 2, 3, 4, 2, 2)
HG00613	v1	(2, 2, 2, 2, 2, 4, 2, 2, 4, 2, 3, 4, 2, 2)
HG01063	v1	(2, 2, 2, 2, 2, 4, 2, 2, 4, 2, 3, 4, 2, 2)
NA19375	v1	(2, 2, 2, 2, 2, 4, 2, 2, 4, 2, 3, 4, 2, 2)
HG03870	v1	(2, 2, 2, 2, 2, 4, 2, 2, 4, 2, 3, 4, 2, 2)
NA18606	v1	(2, 2, 2, 2, 2, 4, 2, 2, 4, 2, 3, 4, 2, 2)
NA18747	v7	(2, 1, 2, 2, 2, 3, 2, 2, 3, 2, 1, 2, 2, 1)
NA18504	v35	(2, 1, 2, 2, 2, 3, 2, 2, 3, 2, 1, 1, 1, 1)
HG03139	v1	(2, 2, 2, 2, 2, 4, 2, 2, 4, 2, 3, 4, 2, 2)
NA20763	v1	(2, 2, 2, 2, 2, 4, 2, 2, 4, 2, 3, 4, 2, 2)
HG01161	v1	(2, 2, 2, 2, 2, 4, 2, 2, 4, 2, 3, 4, 2, 2)
NA18967	v12	(2, 2, 2, 2, 2, 3, 2, 2, 3, 2, 2, 2, 1, 1)
HG01079	v1	(2, 2, 2, 2, 2, 4, 2, 2, 4, 2, 3, 4, 2, 2)
HG03815	v1	(2, 2, 2, 2, 2, 4, 2, 2, 4, 2, 3, 4, 2, 2)
NA19248	v1	(2, 2, 2, 2, 2, 4, 2, 2, 4, 2, 3, 4, 2, 2)
HG04100	v1	(2, 2, 2, 2, 2, 4, 2, 2, 4, 2, 3, 4, 2, 2)
HG02496	v1	(2, 2, 2, 2, 2, 4, 2, 2, 4, 2, 3, 4, 2, 2)
NA18965	v1	(2, 2, 2, 2, 2, 4, 2, 2, 4, 2, 3, 4, 2, 2)
HG01190	v1	(2, 2, 2, 2, 2, 4, 2, 2, 4, 2, 3, 4, 2, 2)
NA19729	v1	(2, 2, 2, 2, 2, 4, 2, 2, 4, 2, 3, 4, 2, 2)
HG03606	v1	(2, 2, 2, 2, 2, 4, 2, 2, 4, 2, 3, 4, 2, 2)
NA18623	v1	(2, 2, 2, 2, 2, 4, 2, 2, 4, 2, 3, 4, 2, 2)
NA19020	v1	(2, 2, 2, 2, 2, 4, 2, 2, 4, 2, 3, 4, 2, 2)
HG02401	v36	(2, 2, 3, 2, 2, 4, 2, 2, 4, 2, 3, 4, 2, 2)
HG02968	v1	(2, 2, 2, 2, 2, 4, 2, 2, 4, 2, 3, 4, 2, 2)
HG02724	v1	(2, 2, 2, 2, 2, 4, 2, 2, 4, 2, 3, 4, 2, 2)
HG02774	v14	(2, 2, 2, 2, 2, 5, 2, 2, 4, 2, 3, 4, 2, 2)
HG01069	v1	(2, 2, 2, 2, 2, 4, 2, 2, 4, 2, 3, 4, 2, 2)
HG01867	v37	(2, 5, 2, 2, 2, 7, 2, 2, 7, 2, 9, 10, 2, 5)
HG00345	v1	(2, 2, 2, 2, 2, 4, 2, 2, 4, 2, 3, 4, 2, 2)
HG01944	v12	(2, 2, 2, 2, 2, 3, 2, 2, 3, 2, 2, 2, 1, 1)
HG02449	v1	(2, 2, 2, 2, 2, 4, 2, 2, 4, 2, 3, 4, 2, 2)
HG02134	v13	(2, 3, 2, 2, 2, 4, 2, 2, 4, 2, 4, 4, 1, 2)
HG02032	v1	(2, 2, 2, 2, 2, 4, 2, 2, 4, 2, 3, 4, 2, 2)
HG01979	v1	(2, 2, 2, 2, 2, 4, 2, 2, 4, 2, 3, 4, 2, 2)
HG03833	v1	(2, 2, 2, 2, 2, 4, 2, 2, 4, 2, 3, 4, 2, 2)
HG02285	v1	(2, 2, 2, 2, 2, 4, 2, 2, 4, 2, 3, 4, 2, 2)
HG01935	v1	(2, 2, 2, 2, 2, 4, 2, 2, 4, 2, 3, 4, 2, 2)
HG02490	v1	(2, 2, 2, 2, 2, 4, 2, 2, 4, 2, 3, 4, 2, 2)
NA19079	v1	(2, 2, 2, 2, 2, 4, 2, 2, 4, 2, 3, 4, 2, 2)
HG03258	v1	(2, 2, 2, 2, 2, 4, 2, 2, 4, 2, 3, 4, 2, 2)
NA19652	v1	(2, 2, 2, 2, 2, 4, 2, 2, 4, 2, 3, 4, 2, 2)
NA20532	v1	(2, 2, 2, 2, 2, 4, 2, 2, 4, 2, 3, 4, 2, 2)
HG04164	v1	(2, 2, 2, 2, 2, 4, 2, 2, 4, 2, 3, 4, 2, 2)
NA20520	v2	(2, 2, 2, 2, 2, 5, 2, 2, 5, 2, 4, 6, 3, 3)
HG03130	v1	(2, 2, 2, 2, 2, 4, 2, 2, 4, 2, 3, 4, 2, 2)
HG03157	v1	(2, 2, 2, 2, 2, 4, 2, 2, 4, 2, 3, 4, 2, 2)
HG02981	v1	(2, 2, 2, 2, 2, 4, 2, 2, 4, 2, 3, 4, 2, 2)
HG03926	v1	(2, 2, 2, 2, 2, 4, 2, 2, 4, 2, 3, 4, 2, 2)
HG01756	v1	(2, 2, 2, 2, 2, 4, 2, 2, 4, 2, 3, 4, 2, 2)
HG02687	v1	(2, 2, 2, 2, 2, 4, 2, 2, 4, 2, 3, 4, 2, 2)
NA20898	v1	(2, 2, 2, 2, 2, 4, 2, 2, 4, 2, 3, 4, 2, 2)
HG00403	v1	(2, 2, 2, 2, 2, 4, 2, 2, 4, 2, 3, 4, 2, 2)
HG02736	v1	(2, 2, 2, 2, 2, 4, 2, 2, 4, 2, 3, 4, 2, 2)
NA20811	v1	(2, 2, 2, 2, 2, 4, 2, 2, 4, 2, 3, 4, 2, 2)
HG01631	v1	(2, 2, 2, 2, 2, 4, 2, 2, 4, 2, 3, 4, 2, 2)
NA21099	v1	(2, 2, 2, 2, 2, 4, 2, 2, 4, 2, 3, 4, 2, 2)
NA12777	v1	(2, 2, 2, 2, 2, 4, 2, 2, 4, 2, 3, 4, 2, 2)
NA20785	v1	(2, 2, 2, 2, 2, 4, 2, 2, 4, 2, 3, 4, 2, 2)
HG03382	v1	(2, 2, 2, 2, 2, 4, 2, 2, 4, 2, 3, 4, 2, 2)
HG00442	v12	(2, 2, 2, 2, 2, 3, 2, 2, 3, 2, 2, 2, 1, 1)
NA12829	v1	(2, 2, 2, 2, 2, 4, 2, 2, 4, 2, 3, 4, 2, 2)
NA18982	v17	(2, 2, 2, 2, 2, 4, 2, 3, 4, 2, 3, 4, 2, 2)
NA19723	v1	(2, 2, 2, 2, 2, 4, 2, 2, 4, 2, 3, 4, 2, 2)
HG02798	v12	(2, 2, 2, 2, 2, 3, 2, 2, 3, 2, 2, 2, 1, 1)
NA19777	v1	(2, 2, 2, 2, 2, 4, 2, 2, 4, 2, 3, 4, 2, 2)
NA19083	v1	(2, 2, 2, 2, 2, 4, 2, 2, 4, 2, 3, 4, 2, 2)
HG02582	v1	(2, 2, 2, 2, 2, 4, 2, 2, 4, 2, 3, 4, 2, 2)
NA11829	v1	(2, 2, 2, 2, 2, 4, 2, 2, 4, 2, 3, 4, 2, 2)
NA21091	v1	(2, 2, 2, 2, 2, 4, 2, 2, 4, 2, 3, 4, 2, 2)
NA18544	v1	(2, 2, 2, 2, 2, 4, 2, 2, 4, 2, 3, 4, 2, 2)
NA19682	v1	(2, 2, 2, 2, 2, 4, 2, 2, 4, 2, 3, 4, 2, 2)
NA19236	v2	(2, 2, 2, 2, 2, 5, 2, 2, 5, 2, 4, 6, 3, 3)
NA19834	v1	(2, 2, 2, 2, 2, 4, 2, 2, 4, 2, 3, 4, 2, 2)
HG03663	v1	(2, 2, 2, 2, 2, 4, 2, 2, 4, 2, 3, 4, 2, 2)
HG00622	v1	(2, 2, 2, 2, 2, 4, 2, 2, 4, 2, 3, 4, 2, 2)
HG01031	v36	(2, 2, 3, 2, 2, 4, 2, 2, 4, 2, 3, 4, 2, 2)
HG00631	v1	(2, 2, 2, 2, 2, 4, 2, 2, 4, 2, 3, 4, 2, 2)
NA19452	v1	(2, 2, 2, 2, 2, 4, 2, 2, 4, 2, 3, 4, 2, 2)
HG03172	v1	(2, 2, 2, 2, 2, 4, 2, 2, 4, 2, 3, 4, 2, 2)
HG00160	v1	(2, 2, 2, 2, 2, 4, 2, 2, 4, 2, 3, 4, 2, 2)
NA20515	v1	(2, 2, 2, 2, 2, 4, 2, 2, 4, 2, 3, 4, 2, 2)
HG03777	v1	(2, 2, 2, 2, 2, 4, 2, 2, 4, 2, 3, 4, 2, 2)
HG01167	v1	(2, 2, 2, 2, 2, 4, 2, 2, 4, 2, 3, 4, 2, 2)
HG02379	v1	(2, 2, 2, 2, 2, 4, 2, 2, 4, 2, 3, 4, 2, 2)
HG03370	v1	(2, 2, 2, 2, 2, 4, 2, 2, 4, 2, 3, 4, 2, 2)
HG01991	v1	(2, 2, 2, 2, 2, 4, 2, 2, 4, 2, 3, 4, 2, 2)
NA19311	v1	(2, 2, 2, 2, 2, 4, 2, 2, 4, 2, 3, 4, 2, 2)
NA19066	v1	(2, 2, 2, 2, 2, 4, 2, 2, 4, 2, 3, 4, 2, 2)
NA19376	v1	(2, 2, 2, 2, 2, 4, 2, 2, 4, 2, 3, 4, 2, 2)
HG03084	v1	(2, 2, 2, 2, 2, 4, 2, 2, 4, 2, 3, 4, 2, 2)
NA21092	v1	(2, 2, 2, 2, 2, 4, 2, 2, 4, 2, 3, 4, 2, 2)
HG02221	v1	(2, 2, 2, 2, 2, 4, 2, 2, 4, 2, 3, 4, 2, 2)
HG03824	v1	(2, 2, 2, 2, 2, 4, 2, 2, 4, 2, 3, 4, 2, 2)
HG02274	v1	(2, 2, 2, 2, 2, 4, 2, 2, 4, 2, 3, 4, 2, 2)
NA19717	v1	(2, 2, 2, 2, 2, 4, 2, 2, 4, 2, 3, 4, 2, 2)
HG00731	v1	(2, 2, 2, 2, 2, 4, 2, 2, 4, 2, 3, 4, 2, 2)
NA19373	v1	(2, 2, 2, 2, 2, 4, 2, 2, 4, 2, 3, 4, 2, 2)
HG01606	v1	(2, 2, 2, 2, 2, 4, 2, 2, 4, 2, 3, 4, 2, 2)
NA20586	v1	(2, 2, 2, 2, 2, 4, 2, 2, 4, 2, 3, 4, 2, 2)
HG02557	v1	(2, 2, 2, 2, 2, 4, 2, 2, 4, 2, 3, 4, 2, 2)
NA12282	v1	(2, 2, 2, 2, 2, 4, 2, 2, 4, 2, 3, 4, 2, 2)
NA18647	v1	(2, 2, 2, 2, 2, 4, 2, 2, 4, 2, 3, 4, 2, 2)
HG01932	v1	(2, 2, 2, 2, 2, 4, 2, 2, 4, 2, 3, 4, 2, 2)
NA19239	v1	(2, 2, 2, 2, 2, 4, 2, 2, 4, 2, 3, 4, 2, 2)
HG03112	v1	(2, 2, 2, 2, 2, 4, 2, 2, 4, 2, 3, 4, 2, 2)
NA19783	v1	(2, 2, 2, 2, 2, 4, 2, 2, 4, 2, 3, 4, 2, 2)
HG01139	v1	(2, 2, 2, 2, 2, 4, 2, 2, 4, 2, 3, 4, 2, 2)
HG01173	v1	(2, 2, 2, 2, 2, 4, 2, 2, 4, 2, 3, 4, 2, 2)
HG03679	v1	(2, 2, 2, 2, 2, 4, 2, 2, 4, 2, 3, 4, 2, 2)
NA21128	v38	(2, 2, 2, 2, 2, 4, 2, 3, 4, 2, 4, 4, 2, 2)
NA12716	v1	(2, 2, 2, 2, 2, 4, 2, 2, 4, 2, 3, 4, 2, 2)
NA20787	v1	(2, 2, 2, 2, 2, 4, 2, 2, 4, 2, 3, 4, 2, 2)
NA18953	v36	(2, 2, 3, 2, 2, 4, 2, 2, 4, 2, 3, 4, 2, 2)
NA19661	v33	(3, 2, 2, 2, 2, 4, 2, 2, 4, 2, 3, 4, 2, 2)
HG02271	v1	(2, 2, 2, 2, 2, 4, 2, 2, 4, 2, 3, 4, 2, 2)
HG01669	v1	(2, 2, 2, 2, 2, 4, 2, 2, 4, 2, 3, 4, 2, 2)
HG01608	v1	(2, 2, 2, 2, 2, 4, 2, 2, 4, 2, 3, 4, 2, 2)
NA21124	v1	(2, 2, 2, 2, 2, 4, 2, 2, 4, 2, 3, 4, 2, 2)
HG03559	v1	(2, 2, 2, 2, 2, 4, 2, 2, 4, 2, 3, 4, 2, 2)
HG01359	v1	(2, 2, 2, 2, 2, 4, 2, 2, 4, 2, 3, 4, 2, 2)
HG02573	v2	(2, 2, 2, 2, 2, 5, 2, 2, 5, 2, 4, 6, 3, 3)
HG00182	v7	(2, 1, 2, 2, 2, 3, 2, 2, 3, 2, 1, 2, 2, 1)
HG00246	v1	(2, 2, 2, 2, 2, 4, 2, 2, 4, 2, 3, 4, 2, 2)
NA18971	v1	(2, 2, 2, 2, 2, 4, 2, 2, 4, 2, 3, 4, 2, 2)
HG01586	v1	(2, 2, 2, 2, 2, 4, 2, 2, 4, 2, 3, 4, 2, 2)
HG01550	v1	(2, 2, 2, 2, 2, 4, 2, 2, 4, 2, 3, 4, 2, 2)
HG02013	v1	(2, 2, 2, 2, 2, 4, 2, 2, 4, 2, 3, 4, 2, 2)
HG01136	v1	(2, 2, 2, 2, 2, 4, 2, 2, 4, 2, 3, 4, 2, 2)
HG02545	v1	(2, 2, 2, 2, 2, 4, 2, 2, 4, 2, 3, 4, 2, 2)
HG01302	v1	(2, 2, 2, 2, 2, 4, 2, 2, 4, 2, 3, 4, 2, 2)
NA20858	v1	(2, 2, 2, 2, 2, 4, 2, 2, 4, 2, 3, 4, 2, 2)
HG03848	v1	(2, 2, 2, 2, 2, 4, 2, 2, 4, 2, 3, 4, 2, 2)
HG00478	v1	(2, 2, 2, 2, 2, 4, 2, 2, 4, 2, 3, 4, 2, 2)
NA11932	v1	(2, 2, 2, 2, 2, 4, 2, 2, 4, 2, 3, 4, 2, 2)
HG01148	v1	(2, 2, 2, 2, 2, 4, 2, 2, 4, 2, 3, 4, 2, 2)
NA19031	v1	(2, 2, 2, 2, 2, 4, 2, 2, 4, 2, 3, 4, 2, 2)
NA18948	v12	(2, 2, 2, 2, 2, 3, 2, 2, 3, 2, 2, 2, 1, 1)
HG02391	v1	(2, 2, 2, 2, 2, 4, 2, 2, 4, 2, 3, 4, 2, 2)
HG02051	v1	(2, 2, 2, 2, 2, 4, 2, 2, 4, 2, 3, 4, 2, 2)
HG03750	v12	(2, 2, 2, 2, 2, 3, 2, 2, 3, 2, 2, 2, 1, 1)
HG00311	v7	(2, 1, 2, 2, 2, 3, 2, 2, 3, 2, 1, 2, 2, 1)
HG02836	v1	(2, 2, 2, 2, 2, 4, 2, 2, 4, 2, 3, 4, 2, 2)
NA07051	v1	(2, 2, 2, 2, 2, 4, 2, 2, 4, 2, 3, 4, 2, 2)
NA19026	v1	(2, 2, 2, 2, 2, 4, 2, 2, 4, 2, 3, 4, 2, 2)
NA18915	v1	(2, 2, 2, 2, 2, 4, 2, 2, 4, 2, 3, 4, 2, 2)
HG02645	v1	(2, 2, 2, 2, 2, 4, 2, 2, 4, 2, 3, 4, 2, 2)
HG00580	v1	(2, 2, 2, 2, 2, 4, 2, 2, 4, 2, 3, 4, 2, 2)
HG03006	v39	(1, 1, 2, 2, 2, 4, 2, 2, 4, 2, 3, 4, 2, 2)
HG03246	v1	(2, 2, 2, 2, 2, 4, 2, 2, 4, 2, 3, 4, 2, 2)
NA19443	v1	(2, 2, 2, 2, 2, 4, 2, 2, 4, 2, 3, 4, 2, 2)
NA20895	v1	(2, 2, 2, 2, 2, 4, 2, 2, 4, 2, 3, 4, 2, 2)
NA18645	v1	(2, 2, 2, 2, 2, 4, 2, 2, 4, 2, 3, 4, 2, 2)
NA18648	v1	(2, 2, 2, 2, 2, 4, 2, 2, 4, 2, 3, 4, 2, 2)
NA19307	v1	(2, 2, 2, 2, 2, 4, 2, 2, 4, 2, 3, 4, 2, 2)
NA19082	v12	(2, 2, 2, 2, 2, 3, 2, 2, 3, 2, 2, 2, 1, 1)
NA12005	v1	(2, 2, 2, 2, 2, 4, 2, 2, 4, 2, 3, 4, 2, 2)
HG00107	v1	(2, 2, 2, 2, 2, 4, 2, 2, 4, 2, 3, 4, 2, 2)
HG03593	v1	(2, 2, 2, 2, 2, 4, 2, 2, 4, 2, 3, 4, 2, 2)
NA20845	v1	(2, 2, 2, 2, 2, 4, 2, 2, 4, 2, 3, 4, 2, 2)
HG03120	v1	(2, 2, 2, 2, 2, 4, 2, 2, 4, 2, 3, 4, 2, 2)
HG03388	v1	(2, 2, 2, 2, 2, 4, 2, 2, 4, 2, 3, 4, 2, 2)
NA20767	v2	(2, 2, 2, 2, 2, 5, 2, 2, 5, 2, 4, 6, 3, 3)
HG03788	v1	(2, 2, 2, 2, 2, 4, 2, 2, 4, 2, 3, 4, 2, 2)
NA18943	v1	(2, 2, 2, 2, 2, 4, 2, 2, 4, 2, 3, 4, 2, 2)
NA19711	v1	(2, 2, 2, 2, 2, 4, 2, 2, 4, 2, 3, 4, 2, 2)
NA18501	v1	(2, 2, 2, 2, 2, 4, 2, 2, 4, 2, 3, 4, 2, 2)
HG03081	v1	(2, 2, 2, 2, 2, 4, 2, 2, 4, 2, 3, 4, 2, 2)
HG03856	v1	(2, 2, 2, 2, 2, 4, 2, 2, 4, 2, 3, 4, 2, 2)
HG02023	v12	(2, 2, 2, 2, 2, 3, 2, 2, 3, 2, 2, 2, 1, 1)
NA12144	v1	(2, 2, 2, 2, 2, 4, 2, 2, 4, 2, 3, 4, 2, 2)
HG03521	v1	(2, 2, 2, 2, 2, 4, 2, 2, 4, 2, 3, 4, 2, 2)
HG01866	v1	(2, 2, 2, 2, 2, 4, 2, 2, 4, 2, 3, 4, 2, 2)
HG03821	v1	(2, 2, 2, 2, 2, 4, 2, 2, 4, 2, 3, 4, 2, 2)
HG02804	v1	(2, 2, 2, 2, 2, 4, 2, 2, 4, 2, 3, 4, 2, 2)
HG00457	v12	(2, 2, 2, 2, 2, 3, 2, 2, 3, 2, 2, 2, 1, 1)
HG02067	v1	(2, 2, 2, 2, 2, 4, 2, 2, 4, 2, 3, 4, 2, 2)
NA21113	v1	(2, 2, 2, 2, 2, 4, 2, 2, 4, 2, 3, 4, 2, 2)
NA20783	v1	(2, 2, 2, 2, 2, 4, 2, 2, 4, 2, 3, 4, 2, 2)
HG03963	v1	(2, 2, 2, 2, 2, 4, 2, 2, 4, 2, 3, 4, 2, 2)
HG00308	v1	(2, 2, 2, 2, 2, 4, 2, 2, 4, 2, 3, 4, 2, 2)
NA21100	v1	(2, 2, 2, 2, 2, 4, 2, 2, 4, 2, 3, 4, 2, 2)
HG04107	v1	(2, 2, 2, 2, 2, 4, 2, 2, 4, 2, 3, 4, 2, 2)
HG01619	v1	(2, 2, 2, 2, 2, 4, 2, 2, 4, 2, 3, 4, 2, 2)
NA06984	v1	(2, 2, 2, 2, 2, 4, 2, 2, 4, 2, 3, 4, 2, 2)
HG03830	v1	(2, 2, 2, 2, 2, 4, 2, 2, 4, 2, 3, 4, 2, 2)
NA19070	v1	(2, 2, 2, 2, 2, 4, 2, 2, 4, 2, 3, 4, 2, 2)
NA18519	v1	(2, 2, 2, 2, 2, 4, 2, 2, 4, 2, 3, 4, 2, 2)
HG02029	v1	(2, 2, 2, 2, 2, 4, 2, 2, 4, 2, 3, 4, 2, 2)
HG00530	v8	(2, 2, 2, 2, 2, 4, 2, 2, 4, 2, 3, 5, 3, 2)
HG02780	v2	(2, 2, 2, 2, 2, 5, 2, 2, 5, 2, 4, 6, 3, 3)
HG01383	v1	(2, 2, 2, 2, 2, 4, 2, 2, 4, 2, 3, 4, 2, 2)
NA19200	v1	(2, 2, 2, 2, 2, 4, 2, 2, 4, 2, 3, 4, 2, 2)
NA12399	v1	(2, 2, 2, 2, 2, 4, 2, 2, 4, 2, 3, 4, 2, 2)
HG03594	v1	(2, 2, 2, 2, 2, 4, 2, 2, 4, 2, 3, 4, 2, 2)
NA18635	v12	(2, 2, 2, 2, 2, 3, 2, 2, 3, 2, 2, 2, 1, 1)
NA12748	v40	(2, 2, 2, 2, 2, 4, 2, 2, 5, 2, 3, 4, 2, 2)
HG01271	v1	(2, 2, 2, 2, 2, 4, 2, 2, 4, 2, 3, 4, 2, 2)
HG00683	v1	(2, 2, 2, 2, 2, 4, 2, 2, 4, 2, 3, 4, 2, 2)
NA12342	v1	(2, 2, 2, 2, 2, 4, 2, 2, 4, 2, 3, 4, 2, 2)
NA18970	v12	(2, 2, 2, 2, 2, 3, 2, 2, 3, 2, 2, 2, 1, 1)
HG02259	v1	(2, 2, 2, 2, 2, 4, 2, 2, 4, 2, 3, 4, 2, 2)
NA20866	v1	(2, 2, 2, 2, 2, 4, 2, 2, 4, 2, 3, 4, 2, 2)
HG00451	v1	(2, 2, 2, 2, 2, 4, 2, 2, 4, 2, 3, 4, 2, 2)
HG03057	v1	(2, 2, 2, 2, 2, 4, 2, 2, 4, 2, 3, 4, 2, 2)
HG03771	v1	(2, 2, 2, 2, 2, 4, 2, 2, 4, 2, 3, 4, 2, 2)
NA19223	v1	(2, 2, 2, 2, 2, 4, 2, 2, 4, 2, 3, 4, 2, 2)
NA20850	v1	(2, 2, 2, 2, 2, 4, 2, 2, 4, 2, 3, 4, 2, 2)
HG00736	v1	(2, 2, 2, 2, 2, 4, 2, 2, 4, 2, 3, 4, 2, 2)
NA19649	v1	(2, 2, 2, 2, 2, 4, 2, 2, 4, 2, 3, 4, 2, 2)
HG02666	v1	(2, 2, 2, 2, 2, 4, 2, 2, 4, 2, 3, 4, 2, 2)
HG02386	v1	(2, 2, 2, 2, 2, 4, 2, 2, 4, 2, 3, 4, 2, 2)
HG01988	v1	(2, 2, 2, 2, 2, 4, 2, 2, 4, 2, 3, 4, 2, 2)
NA18865	v1	(2, 2, 2, 2, 2, 4, 2, 2, 4, 2, 3, 4, 2, 2)
NA20510	v1	(2, 2, 2, 2, 2, 4, 2, 2, 4, 2, 3, 4, 2, 2)
HG01765	v1	(2, 2, 2, 2, 2, 4, 2, 2, 4, 2, 3, 4, 2, 2)
HG04140	v10	(2, 3, 2, 2, 2, 5, 2, 2, 5, 2, 5, 6, 2, 3)
NA18543	v1	(2, 2, 2, 2, 2, 4, 2, 2, 4, 2, 3, 4, 2, 2)
NA20516	v1	(2, 2, 2, 2, 2, 4, 2, 2, 4, 2, 3, 4, 2, 2)
HG03713	v1	(2, 2, 2, 2, 2, 4, 2, 2, 4, 2, 3, 4, 2, 2)
HG03190	v1	(2, 2, 2, 2, 2, 4, 2, 2, 4, 2, 3, 4, 2, 2)
HG02150	v12	(2, 2, 2, 2, 2, 3, 2, 2, 3, 2, 2, 2, 1, 1)
NA20798	v1	(2, 2, 2, 2, 2, 4, 2, 2, 4, 2, 3, 4, 2, 2)
NA11994	v1	(2, 2, 2, 2, 2, 4, 2, 2, 4, 2, 3, 4, 2, 2)
NA19055	v41	(2, 2, 2, 2, 3, 4, 3, 2, 4, 2, 3, 4, 2, 2)
HG02947	v1	(2, 2, 2, 2, 2, 4, 2, 2, 4, 2, 3, 4, 2, 2)
NA19350	v1	(2, 2, 2, 2, 2, 4, 2, 2, 4, 2, 3, 4, 2, 2)
HG03304	v2	(2, 2, 2, 2, 2, 5, 2, 2, 5, 2, 4, 6, 3, 3)
HG00114	v1	(2, 2, 2, 2, 2, 4, 2, 2, 4, 2, 3, 4, 2, 2)
HG00739	v1	(2, 2, 2, 2, 2, 4, 2, 2, 4, 2, 3, 4, 2, 2)
HG03646	v12	(2, 2, 2, 2, 2, 3, 2, 2, 3, 2, 2, 2, 1, 1)
HG03953	v1	(2, 2, 2, 2, 2, 4, 2, 2, 4, 2, 3, 4, 2, 2)
NA19920	v1	(2, 2, 2, 2, 2, 4, 2, 2, 4, 2, 3, 4, 2, 2)
NA19756	v1	(2, 2, 2, 2, 2, 4, 2, 2, 4, 2, 3, 4, 2, 2)
HG03753	v1	(2, 2, 2, 2, 2, 4, 2, 2, 4, 2, 3, 4, 2, 2)
HG00335	v7	(2, 1, 2, 2, 2, 3, 2, 2, 3, 2, 1, 2, 2, 1)
HG01377	v42	(2, 2, 4, 2, 2, 4, 2, 2, 4, 2, 3, 4, 2, 2)
NA20864	v1	(2, 2, 2, 2, 2, 4, 2, 2, 4, 2, 3, 4, 2, 2)
HG04173	v1	(2, 2, 2, 2, 2, 4, 2, 2, 4, 2, 3, 4, 2, 2)
HG03457	v12	(2, 2, 2, 2, 2, 3, 2, 2, 3, 2, 2, 2, 1, 1)
HG02281	v1	(2, 2, 2, 2, 2, 4, 2, 2, 4, 2, 3, 4, 2, 2)
NA19141	v43	(2, 2, 2, 2, 2, 4, 2, 2, 4, 2, 5, 6, 2, 2)
HG03069	v1	(2, 2, 2, 2, 2, 4, 2, 2, 4, 2, 3, 4, 2, 2)
HG02783	v44	(2, 2, 2, 2, 2, 5, 3, 2, 4, 2, 3, 4, 2, 3)
NA18944	v12	(2, 2, 2, 2, 2, 3, 2, 2, 3, 2, 2, 2, 1, 1)
NA12155	v1	(2, 2, 2, 2, 2, 4, 2, 2, 4, 2, 3, 4, 2, 2)
HG01912	v1	(2, 2, 2, 2, 2, 4, 2, 2, 4, 2, 3, 4, 2, 2)
HG00101	v1	(2, 2, 2, 2, 2, 4, 2, 2, 4, 2, 3, 4, 2, 2)
NA18986	v1	(2, 2, 2, 2, 2, 4, 2, 2, 4, 2, 3, 4, 2, 2)
NA18745	v1	(2, 2, 2, 2, 2, 4, 2, 2, 4, 2, 3, 4, 2, 2)
NA20588	v1	(2, 2, 2, 2, 2, 4, 2, 2, 4, 2, 3, 4, 2, 2)
NA21129	v1	(2, 2, 2, 2, 2, 4, 2, 2, 4, 2, 3, 4, 2, 2)
HG01247	v1	(2, 2, 2, 2, 2, 4, 2, 2, 4, 2, 3, 4, 2, 2)
NA06994	v1	(2, 2, 2, 2, 2, 4, 2, 2, 4, 2, 3, 4, 2, 2)
HG02050	v12	(2, 2, 2, 2, 2, 3, 2, 2, 3, 2, 2, 2, 1, 1)
HG03837	v1	(2, 2, 2, 2, 2, 4, 2, 2, 4, 2, 3, 4, 2, 2)
NA19795	v1	(2, 2, 2, 2, 2, 4, 2, 2, 4, 2, 3, 4, 2, 2)
NA20805	v1	(2, 2, 2, 2, 2, 4, 2, 2, 4, 2, 3, 4, 2, 2)
HG03872	v1	(2, 2, 2, 2, 2, 4, 2, 2, 4, 2, 3, 4, 2, 2)
HG04061	v1	(2, 2, 2, 2, 2, 4, 2, 2, 4, 2, 3, 4, 2, 2)
HG02789	v1	(2, 2, 2, 2, 2, 4, 2, 2, 4, 2, 3, 4, 2, 2)
NA19703	v1	(2, 2, 2, 2, 2, 4, 2, 2, 4, 2, 3, 4, 2, 2)
NA20758	v45	(2, 2, 2, 2, 2, 5, 2, 2, 5, 2, 5, 7, 3, 3)
HG02690	v1	(2, 2, 2, 2, 2, 4, 2, 2, 4, 2, 3, 4, 2, 2)
HG02727	v1	(2, 2, 2, 2, 2, 4, 2, 2, 4, 2, 3, 4, 2, 2)
HG04093	v1	(2, 2, 2, 2, 2, 4, 2, 2, 4, 2, 3, 4, 2, 2)
NA12872	v1	(2, 2, 2, 2, 2, 4, 2, 2, 4, 2, 3, 4, 2, 2)
NA19384	v1	(2, 2, 2, 2, 2, 4, 2, 2, 4, 2, 3, 4, 2, 2)
NA18955	v12	(2, 2, 2, 2, 2, 3, 2, 2, 3, 2, 2, 2, 1, 1)
HG00653	v2	(2, 2, 2, 2, 2, 5, 2, 2, 5, 2, 4, 6, 3, 3)
NA11843	v1	(2, 2, 2, 2, 2, 4, 2, 2, 4, 2, 3, 4, 2, 2)
HG01521	v1	(2, 2, 2, 2, 2, 4, 2, 2, 4, 2, 3, 4, 2, 2)
HG01777	v1	(2, 2, 2, 2, 2, 4, 2, 2, 4, 2, 3, 4, 2, 2)
HG03991	v29	(2, 2, 2, 2, 2, 4, 2, 2, 4, 2, 3, 4, 2, 3)
NA20281	v1	(2, 2, 2, 2, 2, 4, 2, 2, 4, 2, 3, 4, 2, 2)
HG02389	v1	(2, 2, 2, 2, 2, 4, 2, 2, 4, 2, 3, 4, 2, 2)
HG01395	v1	(2, 2, 2, 2, 2, 4, 2, 2, 4, 2, 3, 4, 2, 2)
HG00142	v46	(2, 1, 2, 2, 2, 4, 2, 2, 2, 0, 2, 2, 1, 2)
HG02977	v1	(2, 2, 2, 2, 2, 4, 2, 2, 4, 2, 3, 4, 2, 2)
NA19028	v1	(2, 2, 2, 2, 2, 4, 2, 2, 4, 2, 3, 4, 2, 2)
HG02334	v1	(2, 2, 2, 2, 2, 4, 2, 2, 4, 2, 3, 4, 2, 2)
HG04020	v1	(2, 2, 2, 2, 2, 4, 2, 2, 4, 2, 3, 4, 2, 2)
HG02330	v1	(2, 2, 2, 2, 2, 4, 2, 2, 4, 2, 3, 4, 2, 2)
HG02236	v1	(2, 2, 2, 2, 2, 4, 2, 2, 4, 2, 3, 4, 2, 2)
NA19138	v1	(2, 2, 2, 2, 2, 4, 2, 2, 4, 2, 3, 4, 2, 2)
HG00500	v1	(2, 2, 2, 2, 2, 4, 2, 2, 4, 2, 3, 4, 2, 2)
NA19006	v10	(2, 3, 2, 2, 2, 5, 2, 2, 5, 2, 5, 6, 2, 3)
NA20852	v1	(2, 2, 2, 2, 2, 4, 2, 2, 4, 2, 3, 4, 2, 2)
NA19121	v1	(2, 2, 2, 2, 2, 4, 2, 2, 4, 2, 3, 4, 2, 2)
NA20298	v1	(2, 2, 2, 2, 2, 4, 2, 2, 4, 2, 3, 4, 2, 2)
NA21116	v1	(2, 2, 2, 2, 2, 4, 2, 2, 4, 2, 3, 4, 2, 2)
HG01347	v1	(2, 2, 2, 2, 2, 4, 2, 2, 4, 2, 3, 4, 2, 2)
HG02938	v1	(2, 2, 2, 2, 2, 4, 2, 2, 4, 2, 3, 4, 2, 2)
NA11992	v1	(2, 2, 2, 2, 2, 4, 2, 2, 4, 2, 3, 4, 2, 2)
NA19067	v1	(2, 2, 2, 2, 2, 4, 2, 2, 4, 2, 3, 4, 2, 2)
HG01362	v1	(2, 2, 2, 2, 2, 4, 2, 2, 4, 2, 3, 4, 2, 2)
HG03800	v1	(2, 2, 2, 2, 2, 4, 2, 2, 4, 2, 3, 4, 2, 2)
HG02771	v12	(2, 2, 2, 2, 2, 3, 2, 2, 3, 2, 2, 2, 1, 1)
HG01977	v1	(2, 2, 2, 2, 2, 4, 2, 2, 4, 2, 3, 4, 2, 2)
NA19359	v1	(2, 2, 2, 2, 2, 4, 2, 2, 4, 2, 3, 4, 2, 2)
NA19068	v12	(2, 2, 2, 2, 2, 3, 2, 2, 3, 2, 2, 2, 1, 1)
HG00157	v1	(2, 2, 2, 2, 2, 4, 2, 2, 4, 2, 3, 4, 2, 2)
HG00589	v1	(2, 2, 2, 2, 2, 4, 2, 2, 4, 2, 3, 4, 2, 2)
HG03978	v1	(2, 2, 2, 2, 2, 4, 2, 2, 4, 2, 3, 4, 2, 2)
HG00155	v1	(2, 2, 2, 2, 2, 4, 2, 2, 4, 2, 3, 4, 2, 2)
NA20884	v23	(2, 2, 2, 2, 2, 4, 2, 2, 4, 2, 4, 4, 2, 2)
HG03048	v1	(2, 2, 2, 2, 2, 4, 2, 2, 4, 2, 3, 4, 2, 2)
HG02262	v1	(2, 2, 2, 2, 2, 4, 2, 2, 4, 2, 3, 4, 2, 2)
HG01509	v1	(2, 2, 2, 2, 2, 4, 2, 2, 4, 2, 3, 4, 2, 2)
HG02792	v1	(2, 2, 2, 2, 2, 4, 2, 2, 4, 2, 3, 4, 2, 2)
HG02620	v1	(2, 2, 2, 2, 2, 4, 2, 2, 4, 2, 3, 4, 2, 2)
HG03012	v1	(2, 2, 2, 2, 2, 4, 2, 2, 4, 2, 3, 4, 2, 2)
HG00251	v1	(2, 2, 2, 2, 2, 4, 2, 2, 4, 2, 3, 4, 2, 2)
HG03100	v1	(2, 2, 2, 2, 2, 4, 2, 2, 4, 2, 3, 4, 2, 2)
NA11881	v1	(2, 2, 2, 2, 2, 4, 2, 2, 4, 2, 3, 4, 2, 2)
HG03729	v1	(2, 2, 2, 2, 2, 4, 2, 2, 4, 2, 3, 4, 2, 2)
HG00556	v1	(2, 2, 2, 2, 2, 4, 2, 2, 4, 2, 3, 4, 2, 2)
NA11831	v1	(2, 2, 2, 2, 2, 4, 2, 2, 4, 2, 3, 4, 2, 2)
HG02402	v1	(2, 2, 2, 2, 2, 4, 2, 2, 4, 2, 3, 4, 2, 2)
NA20340	v1	(2, 2, 2, 2, 2, 4, 2, 2, 4, 2, 3, 4, 2, 2)
HG03202	v1	(2, 2, 2, 2, 2, 4, 2, 2, 4, 2, 3, 4, 2, 2)
HG02541	v1	(2, 2, 2, 2, 2, 4, 2, 2, 4, 2, 3, 4, 2, 2)
HG01596	v1	(2, 2, 2, 2, 2, 4, 2, 2, 4, 2, 3, 4, 2, 2)
NA19119	v1	(2, 2, 2, 2, 2, 4, 2, 2, 4, 2, 3, 4, 2, 2)
NA20518	v1	(2, 2, 2, 2, 2, 4, 2, 2, 4, 2, 3, 4, 2, 2)
NA19062	v1	(2, 2, 2, 2, 2, 4, 2, 2, 4, 2, 3, 4, 2, 2)
HG01791	v1	(2, 2, 2, 2, 2, 4, 2, 2, 4, 2, 3, 4, 2, 2)
NA20754	v1	(2, 2, 2, 2, 2, 4, 2, 2, 4, 2, 3, 4, 2, 2)
NA21112	v27	(2, 2, 2, 2, 2, 4, 4, 2, 4, 2, 3, 4, 2, 2)
NA20539	v1	(2, 2, 2, 2, 2, 4, 2, 2, 4, 2, 3, 4, 2, 2)
HG00982	v36	(2, 2, 3, 2, 2, 4, 2, 2, 4, 2, 3, 4, 2, 2)
HG01970	v1	(2, 2, 2, 2, 2, 4, 2, 2, 4, 2, 3, 4, 2, 2)
HG01305	v1	(2, 2, 2, 2, 2, 4, 2, 2, 4, 2, 3, 4, 2, 2)
HG02681	v2	(2, 2, 2, 2, 2, 5, 2, 2, 5, 2, 4, 6, 3, 3)
HG03127	v1	(2, 2, 2, 2, 2, 4, 2, 2, 4, 2, 3, 4, 2, 2)
NA20867	v1	(2, 2, 2, 2, 2, 4, 2, 2, 4, 2, 3, 4, 2, 2)
NA20887	v1	(2, 2, 2, 2, 2, 4, 2, 2, 4, 2, 3, 4, 2, 2)
HG03021	v23	(2, 2, 2, 2, 2, 4, 2, 2, 4, 2, 4, 4, 2, 2)
NA20538	v1	(2, 2, 2, 2, 2, 4, 2, 2, 4, 2, 3, 4, 2, 2)
NA12827	v1	(2, 2, 2, 2, 2, 4, 2, 2, 4, 2, 3, 4, 2, 2)
HG01615	v1	(2, 2, 2, 2, 2, 4, 2, 2, 4, 2, 3, 4, 2, 2)
HG03054	v1	(2, 2, 2, 2, 2, 4, 2, 2, 4, 2, 3, 4, 2, 2)
HG03196	v13	(2, 3, 2, 2, 2, 4, 2, 2, 4, 2, 4, 4, 1, 2)
HG02399	v1	(2, 2, 2, 2, 2, 4, 2, 2, 4, 2, 3, 4, 2, 2)
NA19984	v40	(2, 2, 2, 2, 2, 4, 2, 2, 5, 2, 3, 4, 2, 2)
NA18498	v1	(2, 2, 2, 2, 2, 4, 2, 2, 4, 2, 3, 4, 2, 2)
HG00559	v1	(2, 2, 2, 2, 2, 4, 2, 2, 4, 2, 3, 4, 2, 2)
NA21133	v1	(2, 2, 2, 2, 2, 4, 2, 2, 4, 2, 3, 4, 2, 2)
NA19747	v2	(2, 2, 2, 2, 2, 5, 2, 2, 5, 2, 4, 6, 3, 3)
HG00187	v7	(2, 1, 2, 2, 2, 3, 2, 2, 3, 2, 1, 2, 2, 1)
NA18605	v1	(2, 2, 2, 2, 2, 4, 2, 2, 4, 2, 3, 4, 2, 2)
HG02512	v47	(2, 2, 1, 2, 2, 4, 2, 2, 4, 2, 3, 4, 2, 2)
NA20870	v1	(2, 2, 2, 2, 2, 4, 2, 2, 4, 2, 3, 4, 2, 2)
HG01253	v1	(2, 2, 2, 2, 2, 4, 2, 2, 4, 2, 3, 4, 2, 2)
HG03636	v1	(2, 2, 2, 2, 2, 4, 2, 2, 4, 2, 3, 4, 2, 2)
HG01941	v1	(2, 2, 2, 2, 2, 4, 2, 2, 4, 2, 3, 4, 2, 2)
HG03209	v1	(2, 2, 2, 2, 2, 4, 2, 2, 4, 2, 3, 4, 2, 2)
NA18629	v1	(2, 2, 2, 2, 2, 4, 2, 2, 4, 2, 3, 4, 2, 2)
HG03391	v1	(2, 2, 2, 2, 2, 4, 2, 2, 4, 2, 3, 4, 2, 2)
NA18990	v1	(2, 2, 2, 2, 2, 4, 2, 2, 4, 2, 3, 4, 2, 2)
HG03875	v2	(2, 2, 2, 2, 2, 5, 2, 2, 5, 2, 4, 6, 3, 3)
NA19012	v12	(2, 2, 2, 2, 2, 3, 2, 2, 3, 2, 2, 2, 1, 1)
NA18945	v1	(2, 2, 2, 2, 2, 4, 2, 2, 4, 2, 3, 4, 2, 2)
HG00260	v1	(2, 2, 2, 2, 2, 4, 2, 2, 4, 2, 3, 4, 2, 2)
HG02385	v1	(2, 2, 2, 2, 2, 4, 2, 2, 4, 2, 3, 4, 2, 2)
NA19762	v1	(2, 2, 2, 2, 2, 4, 2, 2, 4, 2, 3, 4, 2, 2)
HG02570	v1	(2, 2, 2, 2, 2, 4, 2, 2, 4, 2, 3, 4, 2, 2)
HG03298	v1	(2, 2, 2, 2, 2, 4, 2, 2, 4, 2, 3, 4, 2, 2)
HG02816	v1	(2, 2, 2, 2, 2, 4, 2, 2, 4, 2, 3, 4, 2, 2)
HG01767	v27	(2, 2, 2, 2, 2, 4, 4, 2, 4, 2, 3, 4, 2, 2)
HG00096	v1	(2, 2, 2, 2, 2, 4, 2, 2, 4, 2, 3, 4, 2, 2)
NA20814	v1	(2, 2, 2, 2, 2, 4, 2, 2, 4, 2, 3, 4, 2, 2)
NA21107	v1	(2, 2, 2, 2, 2, 4, 2, 2, 4, 2, 3, 4, 2, 2)
NA20318	v1	(2, 2, 2, 2, 2, 4, 2, 2, 4, 2, 3, 4, 2, 2)
HG04002	v1	(2, 2, 2, 2, 2, 4, 2, 2, 4, 2, 3, 4, 2, 2)
HG03755	v1	(2, 2, 2, 2, 2, 4, 2, 2, 4, 2, 3, 4, 2, 2)
HG02807	v1	(2, 2, 2, 2, 2, 4, 2, 2, 4, 2, 3, 4, 2, 2)
HG03445	v48	(2, 2, 2, 2, 2, 8, 2, 2, 8, 2, 7, 12, 6, 6)
NA19334	v1	(2, 2, 2, 2, 2, 4, 2, 2, 4, 2, 3, 4, 2, 2)
HG02141	v10	(2, 3, 2, 2, 2, 5, 2, 2, 5, 2, 5, 6, 2, 3)
HG02651	v1	(2, 2, 2, 2, 2, 4, 2, 2, 4, 2, 3, 4, 2, 2)
NA20861	v1	(2, 2, 2, 2, 2, 4, 2, 2, 4, 2, 3, 4, 2, 2)
HG01164	v1	(2, 2, 2, 2, 2, 4, 2, 2, 4, 2, 3, 4, 2, 2)
NA20521	v49	(2, 2, 2, 2, 2, 5, 2, 2, 5, 2, 3, 4, 2, 3)
NA18562	v1	(2, 2, 2, 2, 2, 4, 2, 2, 4, 2, 3, 4, 2, 2)
HG02628	v2	(2, 2, 2, 2, 2, 5, 2, 2, 5, 2, 4, 6, 3, 3)
HG03018	v1	(2, 2, 2, 2, 2, 4, 2, 2, 4, 2, 3, 4, 2, 2)
HG03228	v1	(2, 2, 2, 2, 2, 4, 2, 2, 4, 2, 3, 4, 2, 2)
HG02594	v50	(2, 2, 2, 2, 2, 6, 2, 2, 6, 2, 5, 8, 4, 4)
HG02265	v1	(2, 2, 2, 2, 2, 4, 2, 2, 4, 2, 3, 4, 2, 2)
NA19130	v1	(2, 2, 2, 2, 2, 4, 2, 2, 4, 2, 3, 4, 2, 2)
HG03268	v1	(2, 2, 2, 2, 2, 4, 2, 2, 4, 2, 3, 4, 2, 2)
HG01920	v1	(2, 2, 2, 2, 2, 4, 2, 2, 4, 2, 3, 4, 2, 2)
HG03851	v1	(2, 2, 2, 2, 2, 4, 2, 2, 4, 2, 3, 4, 2, 2)
NA20543	v1	(2, 2, 2, 2, 2, 4, 2, 2, 4, 2, 3, 4, 2, 2)
HG00280	v32	(2, 1, 2, 2, 2, 4, 2, 2, 4, 2, 2, 4, 3, 2)
HG01518	v1	(2, 2, 2, 2, 2, 4, 2, 2, 4, 2, 3, 4, 2, 2)
HG02982	v10	(2, 3, 2, 2, 2, 5, 2, 2, 5, 2, 5, 6, 2, 3)
HG03045	v1	(2, 2, 2, 2, 2, 4, 2, 2, 4, 2, 3, 4, 2, 2)
HG00338	v7	(2, 1, 2, 2, 2, 3, 2, 2, 3, 2, 1, 2, 2, 1)
HG02061	v1	(2, 2, 2, 2, 2, 4, 2, 2, 4, 2, 3, 4, 2, 2)
HG02255	v1	(2, 2, 2, 2, 2, 4, 2, 2, 4, 2, 3, 4, 2, 2)
HG03015	v23	(2, 2, 2, 2, 2, 4, 2, 2, 4, 2, 4, 4, 2, 2)
NA19383	v1	(2, 2, 2, 2, 2, 4, 2, 2, 4, 2, 3, 4, 2, 2)
HG02759	v1	(2, 2, 2, 2, 2, 4, 2, 2, 4, 2, 3, 4, 2, 2)
HG03633	v1	(2, 2, 2, 2, 2, 4, 2, 2, 4, 2, 3, 4, 2, 2)
NA07048	v1	(2, 2, 2, 2, 2, 4, 2, 2, 4, 2, 3, 4, 2, 2)
HG01885	v1	(2, 2, 2, 2, 2, 4, 2, 2, 4, 2, 3, 4, 2, 2)
NA21126	v1	(2, 2, 2, 2, 2, 4, 2, 2, 4, 2, 3, 4, 2, 2)
HG01982	v39	(1, 1, 2, 2, 2, 4, 2, 2, 4, 2, 3, 4, 2, 2)
HG00640	v1	(2, 2, 2, 2, 2, 4, 2, 2, 4, 2, 3, 4, 2, 2)
HG02597	v1	(2, 2, 2, 2, 2, 4, 2, 2, 4, 2, 3, 4, 2, 2)
NA18516	v1	(2, 2, 2, 2, 2, 4, 2, 2, 4, 2, 3, 4, 2, 2)
NA20512	v1	(2, 2, 2, 2, 2, 4, 2, 2, 4, 2, 3, 4, 2, 2)
HG01873	v1	(2, 2, 2, 2, 2, 4, 2, 2, 4, 2, 3, 4, 2, 2)
NA18960	v13	(2, 3, 2, 2, 2, 4, 2, 2, 4, 2, 4, 4, 1, 2)
HG01259	v1	(2, 2, 2, 2, 2, 4, 2, 2, 4, 2, 3, 4, 2, 2)
HG01464	v1	(2, 2, 2, 2, 2, 4, 2, 2, 4, 2, 3, 4, 2, 2)
HG00267	v1	(2, 2, 2, 2, 2, 4, 2, 2, 4, 2, 3, 4, 2, 2)
HG02810	v1	(2, 2, 2, 2, 2, 4, 2, 2, 4, 2, 3, 4, 2, 2)
HG03803	v1	(2, 2, 2, 2, 2, 4, 2, 2, 4, 2, 3, 4, 2, 2)
HG03708	v1	(2, 2, 2, 2, 2, 4, 2, 2, 4, 2, 3, 4, 2, 2)
HG01686	v1	(2, 2, 2, 2, 2, 4, 2, 2, 4, 2, 3, 4, 2, 2)
HG03280	v1	(2, 2, 2, 2, 2, 4, 2, 2, 4, 2, 3, 4, 2, 2)
NA18868	v1	(2, 2, 2, 2, 2, 4, 2, 2, 4, 2, 3, 4, 2, 2)
NA18874	v1	(2, 2, 2, 2, 2, 4, 2, 2, 4, 2, 3, 4, 2, 2)
NA19382	v1	(2, 2, 2, 2, 2, 4, 2, 2, 4, 2, 3, 4, 2, 2)
HG02442	v1	(2, 2, 2, 2, 2, 4, 2, 2, 4, 2, 3, 4, 2, 2)
HG03869	v1	(2, 2, 2, 2, 2, 4, 2, 2, 4, 2, 3, 4, 2, 2)
HG01405	v1	(2, 2, 2, 2, 2, 4, 2, 2, 4, 2, 3, 4, 2, 2)
NA18961	v12	(2, 2, 2, 2, 2, 3, 2, 2, 3, 2, 2, 2, 1, 1)
NA20903	v1	(2, 2, 2, 2, 2, 4, 2, 2, 4, 2, 3, 4, 2, 2)
NA20901	v1	(2, 2, 2, 2, 2, 4, 2, 2, 4, 2, 3, 4, 2, 2)
NA20806	v1	(2, 2, 2, 2, 2, 4, 2, 2, 4, 2, 3, 4, 2, 2)
HG01524	v1	(2, 2, 2, 2, 2, 4, 2, 2, 4, 2, 3, 4, 2, 2)
HG03644	v1	(2, 2, 2, 2, 2, 4, 2, 2, 4, 2, 3, 4, 2, 2)
HG03716	v1	(2, 2, 2, 2, 2, 4, 2, 2, 4, 2, 3, 4, 2, 2)
HG03077	v11	(2, 3, 2, 2, 2, 4, 2, 2, 6, 4, 4, 6, 3, 2)
HG04017	v1	(2, 2, 2, 2, 2, 4, 2, 2, 4, 2, 3, 4, 2, 2)
HG01412	v1	(2, 2, 2, 2, 2, 4, 2, 2, 4, 2, 3, 4, 2, 2)
HG02721	v1	(2, 2, 2, 2, 2, 4, 2, 2, 4, 2, 3, 4, 2, 2)
HG03237	v1	(2, 2, 2, 2, 2, 4, 2, 2, 4, 2, 3, 4, 2, 2)
HG03397	v1	(2, 2, 2, 2, 2, 4, 2, 2, 4, 2, 3, 4, 2, 2)
NA21123	v1	(2, 2, 2, 2, 2, 4, 2, 2, 4, 2, 3, 4, 2, 2)
HG01846	v51	(2, 2, 2, 2, 2, 5, 2, 2, 5, 2, 5, 6, 3, 3)
HG02116	v12	(2, 2, 2, 2, 2, 3, 2, 2, 3, 2, 2, 2, 1, 1)
HG03451	v1	(2, 2, 2, 2, 2, 4, 2, 2, 4, 2, 3, 4, 2, 2)
HG03667	v1	(2, 2, 2, 2, 2, 4, 2, 2, 4, 2, 3, 4, 2, 2)
NA18871	v2	(2, 2, 2, 2, 2, 5, 2, 2, 5, 2, 4, 6, 3, 3)
NA19058	v12	(2, 2, 2, 2, 2, 3, 2, 2, 3, 2, 2, 2, 1, 1)
HG04235	v1	(2, 2, 2, 2, 2, 4, 2, 2, 4, 2, 3, 4, 2, 2)
HG03695	v1	(2, 2, 2, 2, 2, 4, 2, 2, 4, 2, 3, 4, 2, 2)
NA19900	v1	(2, 2, 2, 2, 2, 4, 2, 2, 4, 2, 3, 4, 2, 2)
NA18558	v32	(2, 1, 2, 2, 2, 4, 2, 2, 4, 2, 2, 4, 3, 2)
HG00844	v1	(2, 2, 2, 2, 2, 4, 2, 2, 4, 2, 3, 4, 2, 2)
HG03072	v1	(2, 2, 2, 2, 2, 4, 2, 2, 4, 2, 3, 4, 2, 2)
HG02355	v1	(2, 2, 2, 2, 2, 4, 2, 2, 4, 2, 3, 4, 2, 2)
NA19056	v12	(2, 2, 2, 2, 2, 3, 2, 2, 3, 2, 2, 2, 1, 1)
HG04096	v1	(2, 2, 2, 2, 2, 4, 2, 2, 4, 2, 3, 4, 2, 2)
HG01583	v1	(2, 2, 2, 2, 2, 4, 2, 2, 4, 2, 3, 4, 2, 2)
HG02406	v1	(2, 2, 2, 2, 2, 4, 2, 2, 4, 2, 3, 4, 2, 2)
HG01530	v9	(2, 2, 2, 2, 2, 4, 3, 2, 4, 2, 3, 4, 2, 2)
HG00421	v1	(2, 2, 2, 2, 2, 4, 2, 2, 4, 2, 3, 4, 2, 2)
HG02407	v1	(2, 2, 2, 2, 2, 4, 2, 2, 4, 2, 3, 4, 2, 2)
HG01104	v2	(2, 2, 2, 2, 2, 5, 2, 2, 5, 2, 4, 6, 3, 3)
HG00242	v1	(2, 2, 2, 2, 2, 4, 2, 2, 4, 2, 3, 4, 2, 2)
HG02675	v1	(2, 2, 2, 2, 2, 4, 2, 2, 4, 2, 3, 4, 2, 2)
HG02733	v1	(2, 2, 2, 2, 2, 4, 2, 2, 4, 2, 3, 4, 2, 2)
HG02088	v1	(2, 2, 2, 2, 2, 4, 2, 2, 4, 2, 3, 4, 2, 2)
HG04060	v1	(2, 2, 2, 2, 2, 4, 2, 2, 4, 2, 3, 4, 2, 2)
HG01256	v1	(2, 2, 2, 2, 2, 4, 2, 2, 4, 2, 3, 4, 2, 2)
HG02047	v1	(2, 2, 2, 2, 2, 4, 2, 2, 4, 2, 3, 4, 2, 2)
HG01389	v1	(2, 2, 2, 2, 2, 4, 2, 2, 4, 2, 3, 4, 2, 2)
HG03224	v1	(2, 2, 2, 2, 2, 4, 2, 2, 4, 2, 3, 4, 2, 2)
HG03681	v1	(2, 2, 2, 2, 2, 4, 2, 2, 4, 2, 3, 4, 2, 2)
HG01844	v1	(2, 2, 2, 2, 2, 4, 2, 2, 4, 2, 3, 4, 2, 2)
NA19076	v1	(2, 2, 2, 2, 2, 4, 2, 2, 4, 2, 3, 4, 2, 2)
HG04225	v1	(2, 2, 2, 2, 2, 4, 2, 2, 4, 2, 3, 4, 2, 2)
HG03066	v1	(2, 2, 2, 2, 2, 4, 2, 2, 4, 2, 3, 4, 2, 2)
NA12891	v1	(2, 2, 2, 2, 2, 4, 2, 2, 4, 2, 3, 4, 2, 2)
HG00109	v1	(2, 2, 2, 2, 2, 4, 2, 2, 4, 2, 3, 4, 2, 2)
NA20897	v1	(2, 2, 2, 2, 2, 4, 2, 2, 4, 2, 3, 4, 2, 2)
HG02026	v7	(2, 1, 2, 2, 2, 3, 2, 2, 3, 2, 1, 2, 2, 1)
HG00674	v1	(2, 2, 2, 2, 2, 4, 2, 2, 4, 2, 3, 4, 2, 2)
NA20351	v1	(2, 2, 2, 2, 2, 4, 2, 2, 4, 2, 3, 4, 2, 2)
HG01789	v1	(2, 2, 2, 2, 2, 4, 2, 2, 4, 2, 3, 4, 2, 2)
NA19107	v1	(2, 2, 2, 2, 2, 4, 2, 2, 4, 2, 3, 4, 2, 2)
HG03515	v1	(2, 2, 2, 2, 2, 4, 2, 2, 4, 2, 3, 4, 2, 2)
HG04155	v1	(2, 2, 2, 2, 2, 4, 2, 2, 4, 2, 3, 4, 2, 2)
HG01503	v1	(2, 2, 2, 2, 2, 4, 2, 2, 4, 2, 3, 4, 2, 2)
NA20752	v1	(2, 2, 2, 2, 2, 4, 2, 2, 4, 2, 3, 4, 2, 2)
HG00145	v1	(2, 2, 2, 2, 2, 4, 2, 2, 4, 2, 3, 4, 2, 2)
HG01603	v1	(2, 2, 2, 2, 2, 4, 2, 2, 4, 2, 3, 4, 2, 2)
HG00369	v7	(2, 1, 2, 2, 2, 3, 2, 2, 3, 2, 1, 2, 2, 1)
HG01890	v1	(2, 2, 2, 2, 2, 4, 2, 2, 4, 2, 3, 4, 2, 2)
HG01241	v1	(2, 2, 2, 2, 2, 4, 2, 2, 4, 2, 3, 4, 2, 2)
NA19461	v1	(2, 2, 2, 2, 2, 4, 2, 2, 4, 2, 3, 4, 2, 2)
HG04080	v2	(2, 2, 2, 2, 2, 5, 2, 2, 5, 2, 4, 6, 3, 3)
HG01051	v1	(2, 2, 2, 2, 2, 4, 2, 2, 4, 2, 3, 4, 2, 2)
HG04185	v43	(2, 2, 2, 2, 2, 4, 2, 2, 4, 2, 5, 6, 2, 2)
HG00189	v1	(2, 2, 2, 2, 2, 4, 2, 2, 4, 2, 3, 4, 2, 2)
NA19035	v1	(2, 2, 2, 2, 2, 4, 2, 2, 4, 2, 3, 4, 2, 2)
NA19144	v1	(2, 2, 2, 2, 2, 4, 2, 2, 4, 2, 3, 4, 2, 2)
HG02224	v1	(2, 2, 2, 2, 2, 4, 2, 2, 4, 2, 3, 4, 2, 2)
HG03976	v39	(1, 1, 2, 2, 2, 4, 2, 2, 4, 2, 3, 4, 2, 2)
HG03672	v1	(2, 2, 2, 2, 2, 4, 2, 2, 4, 2, 3, 4, 2, 2)
NA21111	v27	(2, 2, 2, 2, 2, 4, 4, 2, 4, 2, 3, 4, 2, 2)
HG02090	v1	(2, 2, 2, 2, 2, 4, 2, 2, 4, 2, 3, 4, 2, 2)
HG02143	v1	(2, 2, 2, 2, 2, 4, 2, 2, 4, 2, 3, 4, 2, 2)
HG00637	v1	(2, 2, 2, 2, 2, 4, 2, 2, 4, 2, 3, 4, 2, 2)
NA20511	v12	(2, 2, 2, 2, 2, 3, 2, 2, 3, 2, 2, 2, 1, 1)
HG02923	v1	(2, 2, 2, 2, 2, 4, 2, 2, 4, 2, 3, 4, 2, 2)
NA19385	v1	(2, 2, 2, 2, 2, 4, 2, 2, 4, 2, 3, 4, 2, 2)
HG01865	v1	(2, 2, 2, 2, 2, 4, 2, 2, 4, 2, 3, 4, 2, 2)
HG03779	v1	(2, 2, 2, 2, 2, 4, 2, 2, 4, 2, 3, 4, 2, 2)
HG00108	v1	(2, 2, 2, 2, 2, 4, 2, 2, 4, 2, 3, 4, 2, 2)
NA19735	v1	(2, 2, 2, 2, 2, 4, 2, 2, 4, 2, 3, 4, 2, 2)
HG03547	v1	(2, 2, 2, 2, 2, 4, 2, 2, 4, 2, 3, 4, 2, 2)
HG03193	v1	(2, 2, 2, 2, 2, 4, 2, 2, 4, 2, 3, 4, 2, 2)
HG02610	v1	(2, 2, 2, 2, 2, 4, 2, 2, 4, 2, 3, 4, 2, 2)
NA20885	v1	(2, 2, 2, 2, 2, 4, 2, 2, 4, 2, 3, 4, 2, 2)
HG00181	v1	(2, 2, 2, 2, 2, 4, 2, 2, 4, 2, 3, 4, 2, 2)
HG03124	v1	(2, 2, 2, 2, 2, 4, 2, 2, 4, 2, 3, 4, 2, 2)
NA19789	v1	(2, 2, 2, 2, 2, 4, 2, 2, 4, 2, 3, 4, 2, 2)
NA18546	v1	(2, 2, 2, 2, 2, 4, 2, 2, 4, 2, 3, 4, 2, 2)
NA19317	v1	(2, 2, 2, 2, 2, 4, 2, 2, 4, 2, 3, 4, 2, 2)
HG00698	v1	(2, 2, 2, 2, 2, 4, 2, 2, 4, 2, 3, 4, 2, 2)
HG02381	v1	(2, 2, 2, 2, 2, 4, 2, 2, 4, 2, 3, 4, 2, 2)
HG01947	v12	(2, 2, 2, 2, 2, 3, 2, 2, 3, 2, 2, 2, 1, 1)
HG02299	v1	(2, 2, 2, 2, 2, 4, 2, 2, 4, 2, 3, 4, 2, 2)
HG03887	v1	(2, 2, 2, 2, 2, 4, 2, 2, 4, 2, 3, 4, 2, 2)
HG02076	v1	(2, 2, 2, 2, 2, 4, 2, 2, 4, 2, 3, 4, 2, 2)
HG01182	v1	(2, 2, 2, 2, 2, 4, 2, 2, 4, 2, 3, 4, 2, 2)
HG02017	v52	(2, 4, 2, 2, 2, 5, 2, 2, 5, 2, 6, 6, 1, 3)
NA20809	v1	(2, 2, 2, 2, 2, 4, 2, 2, 4, 2, 3, 4, 2, 2)
NA18549	v1	(2, 2, 2, 2, 2, 4, 2, 2, 4, 2, 3, 4, 2, 2)
HG02884	v12	(2, 2, 2, 2, 2, 3, 2, 2, 3, 2, 2, 2, 1, 1)
HG02409	v1	(2, 2, 2, 2, 2, 4, 2, 2, 4, 2, 3, 4, 2, 2)
HG01088	v1	(2, 2, 2, 2, 2, 4, 2, 2, 4, 2, 3, 4, 2, 2)
NA20871	v1	(2, 2, 2, 2, 2, 4, 2, 2, 4, 2, 3, 4, 2, 2)
HG01200	v1	(2, 2, 2, 2, 2, 4, 2, 2, 4, 2, 3, 4, 2, 2)
NA19360	v1	(2, 2, 2, 2, 2, 4, 2, 2, 4, 2, 3, 4, 2, 2)
NA12154	v1	(2, 2, 2, 2, 2, 4, 2, 2, 4, 2, 3, 4, 2, 2)
NA20846	v1	(2, 2, 2, 2, 2, 4, 2, 2, 4, 2, 3, 4, 2, 2)
HG01443	v1	(2, 2, 2, 2, 2, 4, 2, 2, 4, 2, 3, 4, 2, 2)
NA07347	v1	(2, 2, 2, 2, 2, 4, 2, 2, 4, 2, 3, 4, 2, 2)
HG01072	v1	(2, 2, 2, 2, 2, 4, 2, 2, 4, 2, 3, 4, 2, 2)
NA19117	v1	(2, 2, 2, 2, 2, 4, 2, 2, 4, 2, 3, 4, 2, 2)
HG02684	v53	(2, 2, 2, 2, 2, 3, 2, 2, 3, 2, 4, 6, 1, 1)
HG02343	v1	(2, 2, 2, 2, 2, 4, 2, 2, 4, 2, 3, 4, 2, 2)
HG04015	v6	(2, 1, 2, 2, 2, 3, 2, 2, 3, 2, 1, 3, 3, 1)
HG02367	v1	(2, 2, 2, 2, 2, 4, 2, 2, 4, 2, 3, 4, 2, 2)
NA21115	v1	(2, 2, 2, 2, 2, 4, 2, 2, 4, 2, 3, 4, 2, 2)
HG00382	v1	(2, 2, 2, 2, 2, 4, 2, 2, 4, 2, 3, 4, 2, 2)
HG00728	v1	(2, 2, 2, 2, 2, 4, 2, 2, 4, 2, 3, 4, 2, 2)
NA19922	v1	(2, 2, 2, 2, 2, 4, 2, 2, 4, 2, 3, 4, 2, 2)
NA12812	v1	(2, 2, 2, 2, 2, 4, 2, 2, 4, 2, 3, 4, 2, 2)
HG03311	v1	(2, 2, 2, 2, 2, 4, 2, 2, 4, 2, 3, 4, 2, 2)
HG02284	v1	(2, 2, 2, 2, 2, 4, 2, 2, 4, 2, 3, 4, 2, 2)
HG03960	v1	(2, 2, 2, 2, 2, 4, 2, 2, 4, 2, 3, 4, 2, 2)
HG00273	v7	(2, 1, 2, 2, 2, 3, 2, 2, 3, 2, 1, 2, 2, 1)
NA19063	v12	(2, 2, 2, 2, 2, 3, 2, 2, 3, 2, 2, 2, 1, 1)
HG02623	v1	(2, 2, 2, 2, 2, 4, 2, 2, 4, 2, 3, 4, 2, 2)
NA21090	v1	(2, 2, 2, 2, 2, 4, 2, 2, 4, 2, 3, 4, 2, 2)
HG03163	v1	(2, 2, 2, 2, 2, 4, 2, 2, 4, 2, 3, 4, 2, 2)
HG02387	v1	(2, 2, 2, 2, 2, 4, 2, 2, 4, 2, 3, 4, 2, 2)
HG02374	v1	(2, 2, 2, 2, 2, 4, 2, 2, 4, 2, 3, 4, 2, 2)
HG00375	v7	(2, 1, 2, 2, 2, 3, 2, 2, 3, 2, 1, 2, 2, 1)
HG02634	v1	(2, 2, 2, 2, 2, 4, 2, 2, 4, 2, 3, 4, 2, 2)
NA12347	v1	(2, 2, 2, 2, 2, 4, 2, 2, 4, 2, 3, 4, 2, 2)
NA20362	v1	(2, 2, 2, 2, 2, 4, 2, 2, 4, 2, 3, 4, 2, 2)
NA19198	v17	(2, 2, 2, 2, 2, 4, 2, 3, 4, 2, 3, 4, 2, 2)
HG01974	v1	(2, 2, 2, 2, 2, 4, 2, 2, 4, 2, 3, 4, 2, 2)
NA19089	v12	(2, 2, 2, 2, 2, 3, 2, 2, 3, 2, 2, 2, 1, 1)
HG03845	v1	(2, 2, 2, 2, 2, 4, 2, 2, 4, 2, 3, 4, 2, 2)
HG02122	v1	(2, 2, 2, 2, 2, 4, 2, 2, 4, 2, 3, 4, 2, 2)
HG01630	v10	(2, 3, 2, 2, 2, 5, 2, 2, 5, 2, 5, 6, 2, 3)
HG01101	v1	(2, 2, 2, 2, 2, 4, 2, 2, 4, 2, 3, 4, 2, 2)
HG00252	v1	(2, 2, 2, 2, 2, 4, 2, 2, 4, 2, 3, 4, 2, 2)
HG03060	v1	(2, 2, 2, 2, 2, 4, 2, 2, 4, 2, 3, 4, 2, 2)
NA12814	v1	(2, 2, 2, 2, 2, 4, 2, 2, 4, 2, 3, 4, 2, 2)
NA20348	v1	(2, 2, 2, 2, 2, 4, 2, 2, 4, 2, 3, 4, 2, 2)
HG00577	v1	(2, 2, 2, 2, 2, 4, 2, 2, 4, 2, 3, 4, 2, 2)
HG02660	v1	(2, 2, 2, 2, 2, 4, 2, 2, 4, 2, 3, 4, 2, 2)
NA21114	v1	(2, 2, 2, 2, 2, 4, 2, 2, 4, 2, 3, 4, 2, 2)
HG00159	v1	(2, 2, 2, 2, 2, 4, 2, 2, 4, 2, 3, 4, 2, 2)
HG03571	v1	(2, 2, 2, 2, 2, 4, 2, 2, 4, 2, 3, 4, 2, 2)
HG02678	v1	(2, 2, 2, 2, 2, 4, 2, 2, 4, 2, 3, 4, 2, 2)
HG01506	v1	(2, 2, 2, 2, 2, 4, 2, 2, 4, 2, 3, 4, 2, 2)
HG02131	v12	(2, 2, 2, 2, 2, 3, 2, 2, 3, 2, 2, 2, 1, 1)
HG01431	v2	(2, 2, 2, 2, 2, 5, 2, 2, 5, 2, 4, 6, 3, 3)
NA12762	v1	(2, 2, 2, 2, 2, 4, 2, 2, 4, 2, 3, 4, 2, 2)
HG02819	v1	(2, 2, 2, 2, 2, 4, 2, 2, 4, 2, 3, 4, 2, 2)
NA12760	v1	(2, 2, 2, 2, 2, 4, 2, 2, 4, 2, 3, 4, 2, 2)
NA18639	v6	(2, 1, 2, 2, 2, 3, 2, 2, 3, 2, 1, 3, 3, 1)
HG03685	v1	(2, 2, 2, 2, 2, 4, 2, 2, 4, 2, 3, 4, 2, 2)
HG00116	v1	(2, 2, 2, 2, 2, 4, 2, 2, 4, 2, 3, 4, 2, 2)
HG03999	v1	(2, 2, 2, 2, 2, 4, 2, 2, 4, 2, 3, 4, 2, 2)
HG01280	v1	(2, 2, 2, 2, 2, 4, 2, 2, 4, 2, 3, 4, 2, 2)
HG00536	v1	(2, 2, 2, 2, 2, 4, 2, 2, 4, 2, 3, 4, 2, 2)
HG03352	v11	(2, 3, 2, 2, 2, 4, 2, 2, 6, 4, 4, 6, 3, 2)
HG01990	v1	(2, 2, 2, 2, 2, 4, 2, 2, 4, 2, 3, 4, 2, 2)
HG01124	v1	(2, 2, 2, 2, 2, 4, 2, 2, 4, 2, 3, 4, 2, 2)
HG01761	v1	(2, 2, 2, 2, 2, 4, 2, 2, 4, 2, 3, 4, 2, 2)
HG01398	v1	(2, 2, 2, 2, 2, 4, 2, 2, 4, 2, 3, 4, 2, 2)
NA20792	v1	(2, 2, 2, 2, 2, 4, 2, 2, 4, 2, 3, 4, 2, 2)
HG01402	v1	(2, 2, 2, 2, 2, 4, 2, 2, 4, 2, 3, 4, 2, 2)
HG02009	v1	(2, 2, 2, 2, 2, 4, 2, 2, 4, 2, 3, 4, 2, 2)
NA20536	v54	(2, 2, 2, 2, 2, 4, 2, 2, 4, 2, 3, 5, 2, 2)
HG01950	v1	(2, 2, 2, 2, 2, 4, 2, 2, 4, 2, 3, 4, 2, 2)
NA19207	v2	(2, 2, 2, 2, 2, 5, 2, 2, 5, 2, 4, 6, 3, 3)
HG01610	v1	(2, 2, 2, 2, 2, 4, 2, 2, 4, 2, 3, 4, 2, 2)
HG01775	v1	(2, 2, 2, 2, 2, 4, 2, 2, 4, 2, 3, 4, 2, 2)
HG02380	v1	(2, 2, 2, 2, 2, 4, 2, 2, 4, 2, 3, 4, 2, 2)
HG00265	v1	(2, 2, 2, 2, 2, 4, 2, 2, 4, 2, 3, 4, 2, 2)
HG03160	v1	(2, 2, 2, 2, 2, 4, 2, 2, 4, 2, 3, 4, 2, 2)
NA18977	v23	(2, 2, 2, 2, 2, 4, 2, 2, 4, 2, 4, 4, 2, 2)
HG01341	v1	(2, 2, 2, 2, 2, 4, 2, 2, 4, 2, 3, 4, 2, 2)
NA18621	v55	(2, 2, 2, 2, 3, 4, 2, 2, 4, 2, 3, 4, 2, 2)
HG01350	v1	(2, 2, 2, 2, 2, 4, 2, 2, 4, 2, 3, 4, 2, 2)
HG03199	v1	(2, 2, 2, 2, 2, 4, 2, 2, 4, 2, 3, 4, 2, 2)
HG01488	v1	(2, 2, 2, 2, 2, 4, 2, 2, 4, 2, 3, 4, 2, 2)
NA19318	v1	(2, 2, 2, 2, 2, 4, 2, 2, 4, 2, 3, 4, 2, 2)
HG01861	v12	(2, 2, 2, 2, 2, 3, 2, 2, 3, 2, 2, 2, 1, 1)
NA19726	v1	(2, 2, 2, 2, 2, 4, 2, 2, 4, 2, 3, 4, 2, 2)
HG00290	v7	(2, 1, 2, 2, 2, 3, 2, 2, 3, 2, 1, 2, 2, 1)
HG00707	v36	(2, 2, 3, 2, 2, 4, 2, 2, 4, 2, 3, 4, 2, 2)
HG00533	v8	(2, 2, 2, 2, 2, 4, 2, 2, 4, 2, 3, 5, 3, 2)
NA18609	v1	(2, 2, 2, 2, 2, 4, 2, 2, 4, 2, 3, 4, 2, 2)
HG00542	v1	(2, 2, 2, 2, 2, 4, 2, 2, 4, 2, 3, 4, 2, 2)
HG03702	v1	(2, 2, 2, 2, 2, 4, 2, 2, 4, 2, 3, 4, 2, 2)
HG00278	v7	(2, 1, 2, 2, 2, 3, 2, 2, 3, 2, 1, 2, 2, 1)
HG03715	v1	(2, 2, 2, 2, 2, 4, 2, 2, 4, 2, 3, 4, 2, 2)
HG01810	v1	(2, 2, 2, 2, 2, 4, 2, 2, 4, 2, 3, 4, 2, 2)
NA19371	v16	(2, 3, 2, 2, 2, 6, 2, 2, 6, 2, 6, 8, 3, 4)
HG02317	v2	(2, 2, 2, 2, 2, 5, 2, 2, 5, 2, 4, 6, 3, 3)
HG01672	v1	(2, 2, 2, 2, 2, 4, 2, 2, 4, 2, 3, 4, 2, 2)
HG04006	v1	(2, 2, 2, 2, 2, 4, 2, 2, 4, 2, 3, 4, 2, 2)
HG02395	v1	(2, 2, 2, 2, 2, 4, 2, 2, 4, 2, 3, 4, 2, 2)
NA11930	v1	(2, 2, 2, 2, 2, 4, 2, 2, 4, 2, 3, 4, 2, 2)
NA20905	v1	(2, 2, 2, 2, 2, 4, 2, 2, 4, 2, 3, 4, 2, 2)
NA20342	v1	(2, 2, 2, 2, 2, 4, 2, 2, 4, 2, 3, 4, 2, 2)
HG02104	v1	(2, 2, 2, 2, 2, 4, 2, 2, 4, 2, 3, 4, 2, 2)
HG03301	v1	(2, 2, 2, 2, 2, 4, 2, 2, 4, 2, 3, 4, 2, 2)
HG01392	v1	(2, 2, 2, 2, 2, 4, 2, 2, 4, 2, 3, 4, 2, 2)
HG04211	v1	(2, 2, 2, 2, 2, 4, 2, 2, 4, 2, 3, 4, 2, 2)
HG00113	v1	(2, 2, 2, 2, 2, 4, 2, 2, 4, 2, 3, 4, 2, 2)
HG04131	v36	(2, 2, 3, 2, 2, 4, 2, 2, 4, 2, 3, 4, 2, 2)
HG00342	v7	(2, 1, 2, 2, 2, 3, 2, 2, 3, 2, 1, 2, 2, 1)
NA18853	v1	(2, 2, 2, 2, 2, 4, 2, 2, 4, 2, 3, 4, 2, 2)
HG01437	v1	(2, 2, 2, 2, 2, 4, 2, 2, 4, 2, 3, 4, 2, 2)
HG00656	v10	(2, 3, 2, 2, 2, 5, 2, 2, 5, 2, 5, 6, 2, 3)
HG04222	v1	(2, 2, 2, 2, 2, 4, 2, 2, 4, 2, 3, 4, 2, 2)
HG02654	v12	(2, 2, 2, 2, 2, 3, 2, 2, 3, 2, 2, 2, 1, 1)
NA12750	v1	(2, 2, 2, 2, 2, 4, 2, 2, 4, 2, 3, 4, 2, 2)
HG00117	v1	(2, 2, 2, 2, 2, 4, 2, 2, 4, 2, 3, 4, 2, 2)
HG00325	v1	(2, 2, 2, 2, 2, 4, 2, 2, 4, 2, 3, 4, 2, 2)
HG03166	v1	(2, 2, 2, 2, 2, 4, 2, 2, 4, 2, 3, 4, 2, 2)
HG02035	v1	(2, 2, 2, 2, 2, 4, 2, 2, 4, 2, 3, 4, 2, 2)
HG02397	v1	(2, 2, 2, 2, 2, 4, 2, 2, 4, 2, 3, 4, 2, 2)
HG00119	v1	(2, 2, 2, 2, 2, 4, 2, 2, 4, 2, 3, 4, 2, 2)
NA12043	v1	(2, 2, 2, 2, 2, 4, 2, 2, 4, 2, 3, 4, 2, 2)
HG00704	v1	(2, 2, 2, 2, 2, 4, 2, 2, 4, 2, 3, 4, 2, 2)
HG04239	v1	(2, 2, 2, 2, 2, 4, 2, 2, 4, 2, 3, 4, 2, 2)
HG03565	v1	(2, 2, 2, 2, 2, 4, 2, 2, 4, 2, 3, 4, 2, 2)
HG01515	v1	(2, 2, 2, 2, 2, 4, 2, 2, 4, 2, 3, 4, 2, 2)
HG01097	v36	(2, 2, 3, 2, 2, 4, 2, 2, 4, 2, 3, 4, 2, 2)
NA18507	v1	(2, 2, 2, 2, 2, 4, 2, 2, 4, 2, 3, 4, 2, 2)
HG02813	v1	(2, 2, 2, 2, 2, 4, 2, 2, 4, 2, 3, 4, 2, 2)
HG02373	v1	(2, 2, 2, 2, 2, 4, 2, 2, 4, 2, 3, 4, 2, 2)
NA19005	v1	(2, 2, 2, 2, 2, 4, 2, 2, 4, 2, 3, 4, 2, 2)
HG02493	v1	(2, 2, 2, 2, 2, 4, 2, 2, 4, 2, 3, 4, 2, 2)
HG01705	v1	(2, 2, 2, 2, 2, 4, 2, 2, 4, 2, 3, 4, 2, 2)
HG02860	v1	(2, 2, 2, 2, 2, 4, 2, 2, 4, 2, 3, 4, 2, 2)
HG03686	v56	(2, 3, 2, 2, 2, 5, 2, 2, 5, 2, 6, 6, 2, 3)
HG02233	v57	(2, 2, 2, 2, 4, 6, 4, 2, 4, 2, 3, 4, 2, 2)
HG01250	v1	(2, 2, 2, 2, 2, 4, 2, 2, 4, 2, 3, 4, 2, 2)
HG01048	v1	(2, 2, 2, 2, 2, 4, 2, 2, 4, 2, 3, 4, 2, 2)
HG02481	v1	(2, 2, 2, 2, 2, 4, 2, 2, 4, 2, 3, 4, 2, 2)
HG02429	v1	(2, 2, 2, 2, 2, 4, 2, 2, 4, 2, 3, 4, 2, 2)
HG02554	v1	(2, 2, 2, 2, 2, 4, 2, 2, 4, 2, 3, 4, 2, 2)
HG03469	v1	(2, 2, 2, 2, 2, 4, 2, 2, 4, 2, 3, 4, 2, 2)
NA21130	v1	(2, 2, 2, 2, 2, 4, 2, 2, 4, 2, 3, 4, 2, 2)
HG02973	v1	(2, 2, 2, 2, 2, 4, 2, 2, 4, 2, 3, 4, 2, 2)
NA18608	v32	(2, 1, 2, 2, 2, 4, 2, 2, 4, 2, 2, 4, 3, 2)
NA20904	v1	(2, 2, 2, 2, 2, 4, 2, 2, 4, 2, 3, 4, 2, 2)
HG02613	v1	(2, 2, 2, 2, 2, 4, 2, 2, 4, 2, 3, 4, 2, 2)
NA18910	v1	(2, 2, 2, 2, 2, 4, 2, 2, 4, 2, 3, 4, 2, 2)
NA19655	v1	(2, 2, 2, 2, 2, 4, 2, 2, 4, 2, 3, 4, 2, 2)
HG02082	v1	(2, 2, 2, 2, 2, 4, 2, 2, 4, 2, 3, 4, 2, 2)
HG03394	v1	(2, 2, 2, 2, 2, 4, 2, 2, 4, 2, 3, 4, 2, 2)
HG03652	v1	(2, 2, 2, 2, 2, 4, 2, 2, 4, 2, 3, 4, 2, 2)
HG03343	v1	(2, 2, 2, 2, 2, 4, 2, 2, 4, 2, 3, 4, 2, 2)
NA19771	v1	(2, 2, 2, 2, 2, 4, 2, 2, 4, 2, 3, 4, 2, 2)
HG02521	v12	(2, 2, 2, 2, 2, 3, 2, 2, 3, 2, 2, 2, 1, 1)
HG02372	v1	(2, 2, 2, 2, 2, 4, 2, 2, 4, 2, 3, 4, 2, 2)
HG01286	v1	(2, 2, 2, 2, 2, 4, 2, 2, 4, 2, 3, 4, 2, 2)
NA12842	v1	(2, 2, 2, 2, 2, 4, 2, 2, 4, 2, 3, 4, 2, 2)
HG03705	v1	(2, 2, 2, 2, 2, 4, 2, 2, 4, 2, 3, 4, 2, 2)
HG03943	v1	(2, 2, 2, 2, 2, 4, 2, 2, 4, 2, 3, 4, 2, 2)
NA18633	v1	(2, 2, 2, 2, 2, 4, 2, 2, 4, 2, 3, 4, 2, 2)
HG01682	v1	(2, 2, 2, 2, 2, 4, 2, 2, 4, 2, 3, 4, 2, 2)
HG02231	v1	(2, 2, 2, 2, 2, 4, 2, 2, 4, 2, 3, 4, 2, 2)
HG02603	v1	(2, 2, 2, 2, 2, 4, 2, 2, 4, 2, 3, 4, 2, 2)
HG03890	v1	(2, 2, 2, 2, 2, 4, 2, 2, 4, 2, 3, 4, 2, 2)
HG03103	v2	(2, 2, 2, 2, 2, 5, 2, 2, 5, 2, 4, 6, 3, 3)
HG02238	v1	(2, 2, 2, 2, 2, 4, 2, 2, 4, 2, 3, 4, 2, 2)
NA21119	v1	(2, 2, 2, 2, 2, 4, 2, 2, 4, 2, 3, 4, 2, 2)
HG02890	v1	(2, 2, 2, 2, 2, 4, 2, 2, 4, 2, 3, 4, 2, 2)
NA18879	v1	(2, 2, 2, 2, 2, 4, 2, 2, 4, 2, 3, 4, 2, 2)
HG04188	v1	(2, 2, 2, 2, 2, 4, 2, 2, 4, 2, 3, 4, 2, 2)
HG02390	v36	(2, 2, 3, 2, 2, 4, 2, 2, 4, 2, 3, 4, 2, 2)
NA20803	v1	(2, 2, 2, 2, 2, 4, 2, 2, 4, 2, 3, 4, 2, 2)
NA21087	v1	(2, 2, 2, 2, 2, 4, 2, 2, 4, 2, 3, 4, 2, 2)
HG01926	v1	(2, 2, 2, 2, 2, 4, 2, 2, 4, 2, 3, 4, 2, 2)
HG00742	v47	(2, 2, 1, 2, 2, 4, 2, 2, 4, 2, 3, 4, 2, 2)
HG00671	v22	(2, 2, 2, 2, 2, 4, 2, 2, 4, 2, 4, 5, 2, 2)
HG02384	v1	(2, 2, 2, 2, 2, 4, 2, 2, 4, 2, 3, 4, 2, 2)
HG01589	v1	(2, 2, 2, 2, 2, 4, 2, 2, 4, 2, 3, 4, 2, 2)
NA19096	v1	(2, 2, 2, 2, 2, 4, 2, 2, 4, 2, 3, 4, 2, 2)
HG04134	v1	(2, 2, 2, 2, 2, 4, 2, 2, 4, 2, 3, 4, 2, 2)
HG02392	v1	(2, 2, 2, 2, 2, 4, 2, 2, 4, 2, 3, 4, 2, 2)
NA19374	v1	(2, 2, 2, 2, 2, 4, 2, 2, 4, 2, 3, 4, 2, 2)
HG00692	v1	(2, 2, 2, 2, 2, 4, 2, 2, 4, 2, 3, 4, 2, 2)
HG03967	v1	(2, 2, 2, 2, 2, 4, 2, 2, 4, 2, 3, 4, 2, 2)
HG00358	v7	(2, 1, 2, 2, 2, 3, 2, 2, 3, 2, 1, 2, 2, 1)
NA18988	v12	(2, 2, 2, 2, 2, 3, 2, 2, 3, 2, 2, 2, 1, 1)
HG02219	v1	(2, 2, 2, 2, 2, 4, 2, 2, 4, 2, 3, 4, 2, 2)
HG00341	v7	(2, 1, 2, 2, 2, 3, 2, 2, 3, 2, 1, 2, 2, 1)
NA18624	v1	(2, 2, 2, 2, 2, 4, 2, 2, 4, 2, 3, 4, 2, 2)
HG03433	v1	(2, 2, 2, 2, 2, 4, 2, 2, 4, 2, 3, 4, 2, 2)
HG03941	v1	(2, 2, 2, 2, 2, 4, 2, 2, 4, 2, 3, 4, 2, 2)
HG00271	v7	(2, 1, 2, 2, 2, 3, 2, 2, 3, 2, 1, 2, 2, 1)
HG03854	v1	(2, 2, 2, 2, 2, 4, 2, 2, 4, 2, 3, 4, 2, 2)
NA19792	v1	(2, 2, 2, 2, 2, 4, 2, 2, 4, 2, 3, 4, 2, 2)
NA18561	v1	(2, 2, 2, 2, 2, 4, 2, 2, 4, 2, 3, 4, 2, 2)
HG02501	v1	(2, 2, 2, 2, 2, 4, 2, 2, 4, 2, 3, 4, 2, 2)
HG01914	v1	(2, 2, 2, 2, 2, 4, 2, 2, 4, 2, 3, 4, 2, 2)
HG03063	v2	(2, 2, 2, 2, 2, 5, 2, 2, 5, 2, 4, 6, 3, 3)
NA12889	v1	(2, 2, 2, 2, 2, 4, 2, 2, 4, 2, 3, 4, 2, 2)
HG02585	v1	(2, 2, 2, 2, 2, 4, 2, 2, 4, 2, 3, 4, 2, 2)
NA19394	v1	(2, 2, 2, 2, 2, 4, 2, 2, 4, 2, 3, 4, 2, 2)
NA10851	v1	(2, 2, 2, 2, 2, 4, 2, 2, 4, 2, 3, 4, 2, 2)
HG00472	v1	(2, 2, 2, 2, 2, 4, 2, 2, 4, 2, 3, 4, 2, 2)
HG02253	v1	(2, 2, 2, 2, 2, 4, 2, 2, 4, 2, 3, 4, 2, 2)
HG01485	v1	(2, 2, 2, 2, 2, 4, 2, 2, 4, 2, 3, 4, 2, 2)
